Top Jungle Mid Bot/Support Bot/Carry
0 0 1 0 0 
1 0 1 0 0 
1 0 2 0 0 
1 0 3 0 0 
2 0 3 0 0 
2 0 4 0 0 
2 1 4 0 0 
2 1 5 0 0 
3 1 5 0 0 
3 2 5 0 0 
3 3 5 0 0 
3 3 5 1 0 
3 3 5 1 1 
3 3 5 1 2 
4 3 5 1 2 
5 3 5 1 2 
5 3 5 1 3 
5 3 5 1 4 
6 3 5 1 4 
6 3 5 1 5 
6 4 5 1 5 
6 5 5 1 5 
6 5 6 1 5 
6 5 6 1 6 
6 6 6 1 6 
6 6 7 1 6 
6 6 7 2 6 
6 6 7 2 7 
6 6 8 2 7 
6 6 9 2 7 
6 6 9 2 8 
6 6 9 3 8 
6 6 9 3 9 
6 7 9 3 9 
6 8 9 3 9 
7 8 9 3 9 
7 8 10 3 9 
7 8 11 3 9 
7 8 11 3 10 
8 8 11 3 10 
8 9 11 3 10 
8 9 11 3 11 
8 9 11 3 12 
8 9 11 3 13 
8 9 11 4 13 
8 9 11 4 14 
8 9 12 4 14 
8 9 12 4 15 
8 9 13 4 15 
8 10 13 4 15 
8 10 13 4 16 
8 10 14 4 16 
8 10 15 4 16 
8 10 15 5 16 
8 10 16 5 16 
9 10 16 5 16 
9 10 17 5 16 
9 10 17 6 16 
9 10 17 6 17 
9 10 18 6 17 
9 10 18 6 18 
9 11 18 6 18 
9 12 18 6 18 
9 13 18 6 18 
9 13 19 6 18 
9 13 19 6 19 
9 14 19 6 19 
9 14 20 6 19 
9 14 21 6 19 
9 14 22 6 19 
9 14 22 7 19 
9 15 22 7 19 
10 15 22 7 19 
11 15 22 7 19 
11 15 23 7 19 
11 15 23 7 20 
11 16 23 7 20 
11 16 24 7 20 
11 16 24 8 20 
11 16 25 8 20 
11 16 25 9 20 
11 16 25 9 21 
11 17 25 9 21 
11 17 26 9 21 
11 18 26 9 21 
12 18 26 9 21 
12 19 26 9 21 
12 19 26 10 21 
12 20 26 10 21 
13 20 26 10 21 
13 20 27 10 21 
14 20 27 10 21 
14 21 27 10 21 
14 21 28 10 21 
15 21 28 10 21 
15 22 28 10 21 
16 22 28 10 21 
17 22 28 10 21 
17 22 28 10 22 
17 23 28 10 22 
17 23 28 10 23 
18 23 28 10 23 
18 24 28 10 23 
19 24 28 10 23 
19 24 29 10 23 
20 24 29 10 23 
20 25 29 10 23 
20 25 30 10 23 
21 25 30 10 23 
21 25 30 10 24 
21 25 30 11 24 
21 25 31 11 24 
21 26 31 11 24 
21 27 31 11 24 
21 28 31 11 24 
21 28 32 11 24 
21 28 32 12 24 
21 28 33 12 24 
21 28 34 12 24 
22 28 34 12 24 
22 28 34 13 24 
22 28 34 13 25 
22 28 35 13 25 
22 28 35 14 25 
23 28 35 14 25 
23 29 35 14 25 
23 30 35 14 25 
24 30 35 14 25 
24 30 35 15 25 
25 30 35 15 25 
25 30 35 16 25 
25 30 36 16 25 
25 30 36 16 26 
25 31 36 16 26 
25 32 36 16 26 
25 33 36 16 26 
25 34 36 16 26 
26 34 36 16 26 
26 34 36 17 26 
26 35 36 17 26 
26 35 36 17 27 
26 36 36 17 27 
26 36 37 17 27 
26 36 37 18 27 
26 36 38 18 27 
26 36 38 18 28 
26 36 39 18 28 
27 36 39 18 28 
27 36 39 19 28 
27 37 39 19 28 
27 37 39 20 28 
27 38 39 20 28 
27 38 39 21 28 
28 38 39 21 28 
29 38 39 21 28 
29 38 39 22 28 
30 38 39 22 28 
30 38 39 23 28 
30 38 39 23 29 
31 38 39 23 29 
31 38 40 23 29 
31 38 40 23 30 
31 38 40 23 31 
32 38 40 23 31 
32 39 40 23 31 
32 40 40 23 31 
32 41 40 23 31 
33 41 40 23 31 
34 41 40 23 31 
34 41 40 24 31 
34 41 41 24 31 
35 41 41 24 31 
35 41 41 24 32 
36 41 41 24 32 
36 41 41 24 33 
36 41 41 24 34 
36 41 41 25 34 
37 41 41 25 34 
37 42 41 25 34 
37 42 42 25 34 
37 42 42 26 34 
37 42 42 26 35 
37 42 42 27 35 
37 42 43 27 35 
37 42 43 28 35 
37 42 43 28 36 
37 42 43 28 37 
37 43 43 28 37 
38 43 43 28 37 
38 44 43 28 37 
38 44 43 29 37 
38 45 43 29 37 
38 46 43 29 37 
38 47 43 29 37 
38 48 43 29 37 
38 48 44 29 37 
38 49 44 29 37 
38 49 45 29 37 
38 50 45 29 37 
38 50 46 29 37 
38 51 46 29 37 
38 51 46 29 38 
38 51 47 29 38 
38 51 48 29 38 
38 51 49 29 38 
38 52 49 29 38 
38 52 50 29 38 
38 52 51 29 38 
38 53 51 29 38 
39 53 51 29 38 
39 53 52 29 38 
39 53 53 29 38 
40 53 53 29 38 
40 53 53 29 39 
41 53 53 29 39 
41 53 54 29 39 
41 53 55 29 39 
41 54 55 29 39 
42 54 55 29 39 
42 54 55 29 40 
42 54 55 30 40 
42 55 55 30 40 
42 56 55 30 40 
42 56 55 30 41 
42 56 55 30 42 
43 56 55 30 42 
43 56 55 31 42 
43 57 55 31 42 
43 58 55 31 42 
43 58 56 31 42 
43 58 57 31 42 
43 59 57 31 42 
43 59 58 31 42 
43 59 58 32 42 
43 59 58 32 43 
44 59 58 32 43 
44 59 59 32 43 
44 59 60 32 43 
44 59 61 32 43 
44 59 61 32 44 
44 59 61 33 44 
44 59 62 33 44 
44 59 62 34 44 
44 59 63 34 44 
44 59 64 34 44 
44 59 65 34 44 
44 59 65 34 45 
44 59 65 34 46 
44 59 65 34 47 
45 59 65 34 47 
45 59 65 34 48 
45 60 65 34 48 
45 60 66 34 48 
45 60 67 34 48 
45 60 68 34 48 
46 60 68 34 48 
46 60 68 34 49 
46 61 68 34 49 
46 62 68 34 49 
47 62 68 34 49 
47 63 68 34 49 
47 63 68 35 49 
47 63 68 36 49 
47 63 69 36 49 
48 63 69 36 49 
48 63 70 36 49 
48 64 70 36 49 
49 64 70 36 49 
49 64 70 37 49 
49 65 70 37 49 
49 65 70 38 49 
50 65 70 38 49 
50 66 70 38 49 
50 67 70 38 49 
50 67 70 39 49 
50 67 71 39 49 
50 67 71 39 50 
50 67 72 39 50 
51 67 72 39 50 
51 67 72 40 50 
51 68 72 40 50 
52 68 72 40 50 
52 68 72 40 51 
52 68 72 41 51 
53 68 72 41 51 
53 68 73 41 51 
54 68 73 41 51 
54 68 73 41 52 
54 68 73 42 52 
54 68 73 43 52 
54 68 73 44 52 
54 68 74 44 52 
54 68 74 44 53 
54 68 74 45 53 
54 68 75 45 53 
54 68 75 45 54 
54 69 75 45 54 
54 69 75 45 55 
54 69 75 45 56 
54 69 76 45 56 
54 69 77 45 56 
54 70 77 45 56 
54 70 78 45 56 
55 70 78 45 56 
55 71 78 45 56 
56 71 78 45 56 
56 71 78 45 57 
57 71 78 45 57 
57 71 79 45 57 
57 72 79 45 57 
57 73 79 45 57 
57 73 80 45 57 
57 74 80 45 57 
57 74 81 45 57 
57 75 81 45 57 
57 75 81 46 57 
57 75 81 47 57 
58 75 81 47 57 
59 75 81 47 57 
59 75 81 48 57 
59 75 82 48 57 
59 75 82 49 57 
59 76 82 49 57 
59 76 83 49 57 
59 76 84 49 57 
59 77 84 49 57 
59 77 85 49 57 
59 77 86 49 57 
59 77 86 50 57 
60 77 86 50 57 
60 77 87 50 57 
60 78 87 50 57 
60 79 87 50 57 
60 79 87 50 58 
60 80 87 50 58 
60 81 87 50 58 
61 81 87 50 58 
61 81 87 50 59 
61 81 88 50 59 
61 81 89 50 59 
61 81 90 50 59 
61 81 91 50 59 
61 82 91 50 59 
62 82 91 50 59 
62 82 92 50 59 
62 83 92 50 59 
62 83 93 50 59 
62 83 94 50 59 
63 83 94 50 59 
63 83 94 51 59 
63 84 94 51 59 
63 84 94 51 60 
63 85 94 51 60 
63 85 94 51 61 
63 85 94 52 61 
64 85 94 52 61 
64 85 94 53 61 
64 85 95 53 61 
64 85 95 54 61 
64 85 95 55 61 
65 85 95 55 61 
65 85 96 55 61 
65 86 96 55 61 
65 87 96 55 61 
65 87 96 56 61 
65 87 96 57 61 
66 87 96 57 61 
66 87 97 57 61 
67 87 97 57 61 
67 87 97 57 62 
67 87 97 58 62 
67 88 97 58 62 
68 88 97 58 62 
68 88 98 58 62 
68 89 98 58 62 
68 89 98 58 63 
68 89 99 58 63 
68 90 99 58 63 
68 91 99 58 63 
68 92 99 58 63 
68 92 100 58 63 
68 93 100 58 63 
68 94 100 58 63 
68 94 100 58 64 
68 94 100 59 64 
68 95 100 59 64 
69 95 100 59 64 
69 95 100 60 64 
69 95 100 60 65 
70 95 100 60 65 
70 95 101 60 65 
70 96 101 60 65 
70 96 101 60 66 
70 96 101 61 66 
70 96 101 62 66 
71 96 101 62 66 
71 96 101 63 66 
71 96 102 63 66 
71 96 103 63 66 
71 96 103 63 67 
71 96 104 63 67 
71 96 104 64 67 
71 96 104 65 67 
71 97 104 65 67 
71 97 105 65 67 
71 97 105 66 67 
71 98 105 66 67 
71 99 105 66 67 
71 99 106 66 67 
71 100 106 66 67 
71 100 106 67 67 
71 100 107 67 67 
71 101 107 67 67 
71 101 107 68 67 
72 101 107 68 67 
73 101 107 68 67 
73 101 107 68 68 
73 101 107 68 69 
73 102 107 68 69 
73 102 107 69 69 
73 102 107 70 69 
73 102 107 71 69 
73 102 107 71 70 
73 102 107 71 71 
73 102 108 71 71 
73 102 108 71 72 
73 103 108 71 72 
73 103 108 71 73 
73 103 109 71 73 
73 104 109 71 73 
73 104 109 72 73 
74 104 109 72 73 
74 104 109 73 73 
74 105 109 73 73 
75 105 109 73 73 
75 105 109 74 73 
75 105 109 74 74 
75 105 109 74 75 
75 105 109 75 75 
75 105 110 75 75 
76 105 110 75 75 
77 105 110 75 75 
77 106 110 75 75 
77 106 110 75 76 
78 106 110 75 76 
78 106 111 75 76 
78 106 111 76 76 
79 106 111 76 76 
79 107 111 76 76 
79 107 111 76 77 
79 107 111 76 78 
79 107 111 77 78 
80 107 111 77 78 
80 107 111 77 79 
81 107 111 77 79 
81 107 111 77 80 
81 108 111 77 80 
82 108 111 77 80 
82 108 111 77 81 
82 108 111 77 82 
83 108 111 77 82 
84 108 111 77 82 
85 108 111 77 82 
85 108 112 77 82 
86 108 112 77 82 
87 108 112 77 82 
87 108 112 78 82 
87 108 112 79 82 
87 108 113 79 82 
88 108 113 79 82 
88 108 113 80 82 
89 108 113 80 82 
89 109 113 80 82 
89 110 113 80 82 
89 111 113 80 82 
89 111 113 81 82 
89 111 113 81 83 
89 111 113 81 84 
89 112 113 81 84 
89 113 113 81 84 
89 114 113 81 84 
89 114 114 81 84 
89 115 114 81 84 
89 115 115 81 84 
89 115 116 81 84 
90 115 116 81 84 
90 115 117 81 84 
90 115 118 81 84 
90 115 118 82 84 
90 115 119 82 84 
90 115 120 82 84 
90 115 120 82 85 
90 115 120 82 86 
91 115 120 82 86 
91 115 120 83 86 
91 115 121 83 86 
91 115 121 83 87 
91 115 121 84 87 
91 115 121 84 88 
91 115 121 85 88 
91 115 121 85 89 
91 115 122 85 89 
91 115 122 85 90 
91 116 122 85 90 
92 116 122 85 90 
93 116 122 85 90 
93 116 122 85 91 
93 116 122 86 91 
93 117 122 86 91 
93 117 123 86 91 
93 117 123 86 92 
94 117 123 86 92 
94 117 123 86 93 
94 117 123 87 93 
94 117 124 87 93 
94 117 124 88 93 
94 117 125 88 93 
94 117 125 89 93 
95 117 125 89 93 
95 117 126 89 93 