Top Jungle Mid Bot/Support Bot/Carry
0 1 0 0 0 
0 2 0 0 0 
1 2 0 0 0 
1 2 1 0 0 
2 2 1 0 0 
2 2 1 1 0 
2 2 1 1 1 
2 2 2 1 1 
2 3 2 1 1 
2 3 2 2 1 
2 3 2 2 2 
2 4 2 2 2 
2 4 3 2 2 
2 4 3 3 2 
2 4 3 4 2 
2 5 3 4 2 
3 5 3 4 2 
3 5 4 4 2 
3 5 5 4 2 
3 5 5 4 3 
3 5 6 4 3 
4 5 6 4 3 
4 5 6 5 3 
4 5 6 6 3 
4 5 6 7 3 
5 5 6 7 3 
5 5 6 7 4 
5 5 7 7 4 
5 5 8 7 4 
5 5 9 7 4 
6 5 9 7 4 
6 5 10 7 4 
6 6 10 7 4 
7 6 10 7 4 
7 6 11 7 4 
7 7 11 7 4 
8 7 11 7 4 
8 8 11 7 4 
8 8 11 7 5 
9 8 11 7 5 
10 8 11 7 5 
11 8 11 7 5 
11 8 11 8 5 
11 8 12 8 5 
11 9 12 8 5 
11 9 13 8 5 
11 10 13 8 5 
11 10 13 9 5 
11 11 13 9 5 
11 11 13 9 6 
12 11 13 9 6 
12 12 13 9 6 
12 12 13 10 6 
13 12 13 10 6 
13 12 14 10 6 
13 12 14 10 7 
13 12 15 10 7 
13 12 15 10 8 
13 13 15 10 8 
13 13 15 10 9 
13 13 16 10 9 
13 13 17 10 9 
14 13 17 10 9 
14 13 17 11 9 
14 14 17 11 9 
14 14 17 11 10 
15 14 17 11 10 
16 14 17 11 10 
16 14 17 12 10 
16 14 17 13 10 
17 14 17 13 10 
17 14 18 13 10 
17 14 19 13 10 
17 14 20 13 10 
18 14 20 13 10 
18 15 20 13 10 
18 16 20 13 10 
18 16 20 14 10 
18 16 20 15 10 
19 16 20 15 10 
19 16 20 16 10 
19 17 20 16 10 
19 17 21 16 10 
19 17 22 16 10 
19 17 22 17 10 
19 17 22 18 10 
19 17 22 19 10 
19 17 23 19 10 
20 17 23 19 10 
20 17 23 19 11 
20 18 23 19 11 
20 18 23 20 11 
20 18 23 21 11 
20 19 23 21 11 
21 19 23 21 11 
21 19 23 22 11 
21 19 24 22 11 
21 19 24 23 11 
22 19 24 23 11 
22 19 24 23 12 
22 19 24 24 12 
22 20 24 24 12 
22 20 24 25 12 
22 20 24 26 12 
22 21 24 26 12 
23 21 24 26 12 
23 21 24 27 12 
23 21 24 28 12 
23 21 24 29 12 
23 21 24 30 12 
24 21 24 30 12 
24 21 25 30 12 
24 22 25 30 12 
24 22 26 30 12 
24 23 26 30 12 
25 23 26 30 12 
25 24 26 30 12 
25 24 27 30 12 
26 24 27 30 12 
26 25 27 30 12 
27 25 27 30 12 
27 26 27 30 12 
27 26 27 30 13 
28 26 27 30 13 
28 26 28 30 13 
29 26 28 30 13 
29 26 28 30 14 
29 26 29 30 14 
29 26 30 30 14 
29 27 30 30 14 
29 28 30 30 14 
29 28 31 30 14 
29 28 31 30 15 
30 28 31 30 15 
30 29 31 30 15 
30 30 31 30 15 
31 30 31 30 15 
31 30 31 30 16 
32 30 31 30 16 
32 31 31 30 16 
33 31 31 30 16 
33 32 31 30 16 
33 33 31 30 16 
33 33 32 30 16 
33 33 33 30 16 
33 34 33 30 16 
33 34 33 31 16 
33 35 33 31 16 
33 35 34 31 16 
33 35 34 31 17 
33 35 35 31 17 
33 35 36 31 17 
34 35 36 31 17 
34 35 36 32 17 
34 35 37 32 17 
34 35 37 32 18 
34 35 38 32 18 
34 35 38 33 18 
34 35 38 34 18 
34 36 38 34 18 
35 36 38 34 18 
35 37 38 34 18 
35 38 38 34 18 
36 38 38 34 18 
36 38 38 34 19 
36 38 38 35 19 
36 39 38 35 19 
36 39 38 35 20 
36 39 38 36 20 
36 39 38 36 21 
36 40 38 36 21 
36 41 38 36 21 
36 41 38 36 22 
36 41 39 36 22 
37 41 39 36 22 
38 41 39 36 22 
38 42 39 36 22 
38 42 39 36 23 
38 43 39 36 23 
39 43 39 36 23 
39 44 39 36 23 
39 44 40 36 23 
39 44 41 36 23 
39 44 41 36 24 
39 44 41 36 25 
39 44 41 36 26 
40 44 41 36 26 
40 44 41 37 26 
40 45 41 37 26 
40 45 42 37 26 
40 46 42 37 26 
41 46 42 37 26 
41 46 43 37 26 
42 46 43 37 26 
42 46 44 37 26 
42 46 44 38 26 
42 46 44 38 27 
42 46 44 38 28 
43 46 44 38 28 
43 46 45 38 28 
43 47 45 38 28 
43 47 46 38 28 
43 47 47 38 28 
43 47 47 38 29 
43 48 47 38 29 
43 49 47 38 29 
43 50 47 38 29 
43 50 48 38 29 
43 50 48 38 30 
43 50 48 38 31 
43 51 48 38 31 
43 51 48 39 31 
43 52 48 39 31 
43 52 49 39 31 
43 53 49 39 31 
43 53 49 40 31 
43 54 49 40 31 
43 54 49 40 32 
43 54 49 41 32 
43 54 49 42 32 
43 54 49 42 33 
43 54 49 42 34 
44 54 49 42 34 
44 54 49 43 34 
45 54 49 43 34 
45 54 50 43 34 
46 54 50 43 34 
46 54 50 43 35 
46 54 50 44 35 
46 54 50 45 35 
46 54 50 46 35 
46 55 50 46 35 
47 55 50 46 35 
48 55 50 46 35 
49 55 50 46 35 
49 55 50 46 36 
49 55 51 46 36 
50 55 51 46 36 
50 56 51 46 36 
50 56 51 46 37 
50 56 52 46 37 
50 56 52 46 38 
50 56 53 46 38 
50 56 54 46 38 
51 56 54 46 38 
51 57 54 46 38 
51 57 54 47 38 
51 58 54 47 38 
51 58 54 47 39 
51 58 54 47 40 
51 58 55 47 40 
51 58 56 47 40 
51 59 56 47 40 
51 59 56 48 40 
51 59 56 49 40 
51 59 57 49 40 
51 59 57 50 40 
51 59 58 50 40 
51 59 58 50 41 
51 59 58 51 41 
51 59 59 51 41 
52 59 59 51 41 
52 59 60 51 41 
52 59 61 51 41 
53 59 61 51 41 
53 59 62 51 41 
53 60 62 51 41 
53 60 63 51 41 
53 60 64 51 41 
53 60 64 51 42 
53 60 64 51 43 
54 60 64 51 43 
55 60 64 51 43 
55 60 64 52 43 
56 60 64 52 43 
57 60 64 52 43 
57 60 65 52 43 
57 60 66 52 43 
57 60 66 53 43 
57 60 67 53 43 
57 60 67 53 44 
57 60 67 54 44 
57 60 67 54 45 
57 61 67 54 45 
57 61 68 54 45 
57 62 68 54 45 
57 62 69 54 45 
57 62 70 54 45 
58 62 70 54 45 
58 62 71 54 45 
58 63 71 54 45 
58 63 71 54 46 
58 63 72 54 46 
58 63 72 54 47 
58 63 73 54 47 
58 63 73 55 47 
58 63 73 56 47 
59 63 73 56 47 
59 63 73 57 47 
59 63 73 58 47 
60 63 73 58 47 
60 63 73 59 47 
60 63 73 60 47 
60 63 73 61 47 
60 63 73 61 48 
60 63 73 61 49 
60 63 73 61 50 
60 63 73 62 50 
60 63 74 62 50 
60 63 74 62 51 
60 63 74 63 51 
61 63 74 63 51 
61 64 74 63 51 
61 65 74 63 51 
61 65 74 63 52 
61 65 74 64 52 
61 65 74 64 53 
61 65 75 64 53 
62 65 75 64 53 
62 66 75 64 53 
62 66 75 65 53 
62 66 75 65 54 
63 66 75 65 54 
63 66 75 66 54 
63 67 75 66 54 
63 67 76 66 54 
63 67 76 67 54 
63 67 76 68 54 
63 68 76 68 54 
64 68 76 68 54 
65 68 76 68 54 
66 68 76 68 54 
67 68 76 68 54 
67 68 76 68 55 
67 68 76 68 56 
67 68 76 69 56 
67 68 77 69 56 
67 68 77 70 56 
67 68 77 70 57 
67 68 78 70 57 
67 68 78 70 58 
67 68 79 70 58 
67 68 80 70 58 
67 68 80 70 59 
67 68 80 71 59 
67 69 80 71 59 
67 69 80 71 60 
67 70 80 71 60 
67 71 80 71 60 
67 72 80 71 60 
67 72 81 71 60 
68 72 81 71 60 
68 72 82 71 60 
68 72 83 71 60 
68 72 83 71 61 
68 72 84 71 61 
68 72 85 71 61 
68 72 85 71 62 
68 72 85 71 63 
69 72 85 71 63 
69 73 85 71 63 
69 74 85 71 63 
69 75 85 71 63 
69 75 85 71 64 
69 75 86 71 64 
69 75 86 72 64 
69 76 86 72 64 
69 77 86 72 64 
69 78 86 72 64 
69 78 87 72 64 
69 79 87 72 64 
69 79 88 72 64 
69 79 89 72 64 
69 79 90 72 64 
69 79 91 72 64 
70 79 91 72 64 
70 79 91 72 65 
70 79 92 72 65 
70 79 92 72 66 
71 79 92 72 66 
71 79 92 72 67 
71 79 93 72 67 
71 79 94 72 67 
72 79 94 72 67 
73 79 94 72 67 
73 80 94 72 67 
73 80 95 72 67 
73 80 96 72 67 
73 80 96 73 67 
73 81 96 73 67 
73 82 96 73 67 
73 82 96 73 68 
73 82 96 73 69 
73 82 96 74 69 
73 82 96 74 70 
73 83 96 74 70 
73 83 96 75 70 
73 84 96 75 70 
73 85 96 75 70 
73 85 96 76 70 
73 85 96 77 70 
73 85 97 77 70 
73 85 97 77 71 
74 85 97 77 71 
74 85 98 77 71 
74 85 98 78 71 
74 85 99 78 71 
74 86 99 78 71 
74 87 99 78 71 
74 88 99 78 71 
74 88 100 78 71 
74 88 100 78 72 
75 88 100 78 72 
75 88 101 78 72 
75 89 101 78 72 
75 89 101 78 73 
75 90 101 78 73 
75 91 101 78 73 
75 91 102 78 73 
76 91 102 78 73 
76 91 103 78 73 
76 92 103 78 73 
76 93 103 78 73 
76 93 104 78 73 
76 93 104 79 73 
77 93 104 79 73 
77 93 104 79 74 
77 94 104 79 74 
77 94 105 79 74 
77 94 105 79 75 
77 94 105 79 76 
77 94 105 80 76 
77 94 105 80 77 
78 94 105 80 77 
78 94 106 80 77 
78 94 106 81 77 
78 94 106 82 77 
78 94 107 82 77 
79 94 107 82 77 
79 94 107 83 77 
80 94 107 83 77 
80 94 108 83 77 
80 94 109 83 77 
80 94 110 83 77 
80 94 110 83 78 
80 95 110 83 78 
80 95 110 84 78 
81 95 110 84 78 
81 95 111 84 78 
81 95 111 85 78 
81 95 111 85 79 
81 95 111 86 79 
81 95 111 87 79 
81 95 111 87 80 
82 95 111 87 80 
82 96 111 87 80 
82 96 111 87 81 
82 96 112 87 81 
82 96 113 87 81 
82 96 113 87 82 
83 96 113 87 82 
83 97 113 87 82 
83 97 114 87 82 
83 98 114 87 82 
83 98 115 87 82 
83 98 116 87 82 
83 98 117 87 82 
84 98 117 87 82 
84 98 117 87 83 
84 99 117 87 83 
84 100 117 87 83 
85 100 117 87 83 
85 100 117 88 83 
85 100 118 88 83 
85 100 119 88 83 
85 100 119 88 84 
85 101 119 88 84 
85 101 120 88 84 
85 101 121 88 84 
86 101 121 88 84 
87 101 121 88 84 
88 101 121 88 84 
88 102 121 88 84 
89 102 121 88 84 
89 102 121 89 84 
89 102 122 89 84 
89 102 122 89 85 
89 102 123 89 85 
89 103 123 89 85 
90 103 123 89 85 
90 103 124 89 85 
90 103 125 89 85 
90 104 125 89 85 
90 104 125 90 85 
90 104 126 90 85 
90 104 126 90 86 
90 104 126 91 86 
90 105 126 91 86 
90 105 126 92 86 
91 105 126 92 86 
91 106 126 92 86 
91 106 127 92 86 
91 106 128 92 86 
92 106 128 92 86 
92 106 128 92 87 
93 106 128 92 87 
93 106 128 93 87 
93 107 128 93 87 
94 107 128 93 87 
94 107 128 94 87 
94 107 129 94 87 
95 107 129 94 87 
95 107 129 94 88 
95 107 129 94 89 
95 107 129 95 89 
95 107 130 95 89 
95 107 130 95 90 
95 107 130 96 90 
95 108 130 96 90 
96 108 130 96 90 
96 108 131 96 90 
96 109 131 96 90 
96 109 132 96 90 
97 109 132 96 90 
97 110 132 96 90 
97 110 133 96 90 
97 110 133 97 90 
97 110 134 97 90 
97 111 134 97 90 
97 111 135 97 90 
98 111 135 97 90 
99 111 135 97 90 
99 111 135 97 91 
99 112 135 97 91 
100 112 135 97 91 
101 112 135 97 91 
101 112 135 98 91 
102 112 135 98 91 
102 112 135 99 91 
102 113 135 99 91 
102 113 135 100 91 
102 113 135 100 92 
102 114 135 100 92 
102 115 135 100 92 
102 116 135 100 92 
103 116 135 100 92 
103 116 136 100 92 
104 116 136 100 92 
105 116 136 100 92 
105 117 136 100 92 
105 118 136 100 92 
105 118 137 100 92 
105 119 137 100 92 
105 119 138 100 92 
106 119 138 100 92 
106 120 138 100 92 
107 120 138 100 92 
107 120 139 100 92 
107 120 139 100 93 
107 120 140 100 93 
107 121 140 100 93 
108 121 140 100 93 
108 122 140 100 93 
108 123 140 100 93 
108 123 141 100 93 
108 124 141 100 93 
108 124 142 100 93 
108 124 143 100 93 
109 124 143 100 93 
109 124 143 100 94 
110 124 143 100 94 
110 124 143 101 94 
110 124 143 102 94 
110 125 143 102 94 
110 126 143 102 94 
111 126 143 102 94 
111 126 143 103 94 
111 127 143 103 94 
111 127 144 103 94 
112 127 144 103 94 
112 127 145 103 94 
112 128 145 103 94 
112 129 145 103 94 
112 129 146 103 94 
112 129 146 104 94 
112 129 147 104 94 
112 129 147 105 94 
112 129 147 106 94 
112 129 147 106 95 
112 129 147 107 95 
112 130 147 107 95 
112 130 147 108 95 
112 131 147 108 95 
112 132 147 108 95 
112 133 147 108 95 
112 134 147 108 95 
113 134 147 108 95 
113 134 147 108 96 
113 135 147 108 96 
113 135 147 108 97 
113 135 148 108 97 
114 135 148 108 97 
114 135 148 109 97 
114 135 148 110 97 
114 135 148 110 98 
114 135 148 110 99 
114 135 148 111 99 
114 135 149 111 99 
114 135 150 111 99 
114 135 150 112 99 
114 135 151 112 99 
114 135 152 112 99 
115 135 152 112 99 
116 135 152 112 99 
116 135 152 113 99 
116 136 152 113 99 
116 137 152 113 99 
116 137 152 113 100 
116 137 153 113 100 
116 137 154 113 100 
116 137 155 113 100 
116 137 155 113 101 
116 137 156 113 101 
116 138 156 113 101 
116 138 156 113 102 
116 138 157 113 102 
116 138 158 113 102 
116 139 158 113 102 
116 140 158 113 102 
116 141 158 113 102 
116 141 159 113 102 
116 141 159 114 102 
116 142 159 114 102 
116 142 159 115 102 
116 142 160 115 102 
116 143 160 115 102 
116 143 161 115 102 
116 144 161 115 102 
117 144 161 115 102 
117 144 162 115 102 
117 145 162 115 102 
117 145 163 115 102 
117 146 163 115 102 
117 146 164 115 102 
118 146 164 115 102 
119 146 164 115 102 
119 146 165 115 102 
119 146 166 115 102 
120 146 166 115 102 
120 146 166 115 103 
120 147 166 115 103 
121 147 166 115 103 
121 147 167 115 103 
121 147 168 115 103 
121 147 169 115 103 
121 148 169 115 103 
121 148 169 116 103 
121 148 169 117 103 
122 148 169 117 103 
122 149 169 117 103 
122 149 170 117 103 
122 149 170 118 103 
123 149 170 118 103 
123 149 171 118 103 
123 149 172 118 103 
124 149 172 118 103 
124 150 172 118 103 
124 150 172 118 104 
125 150 172 118 104 
126 150 172 118 104 
126 150 173 118 104 
126 151 173 118 104 
126 152 173 118 104 
127 152 173 118 104 
127 152 174 118 104 
127 152 174 118 105 
128 152 174 118 105 
128 152 175 118 105 
129 152 175 118 105 
129 152 175 119 105 
129 153 175 119 105 
129 153 176 119 105 
129 154 176 119 105 
129 155 176 119 105 
129 155 176 119 106 
130 155 176 119 106 
130 155 177 119 106 
130 155 177 119 107 
130 155 177 119 108 
131 155 177 119 108 
131 156 177 119 108 
131 156 178 119 108 
131 157 178 119 108 
131 157 179 119 108 
132 157 179 119 108 
132 157 179 119 109 
132 157 179 120 109 
132 158 179 120 109 
132 158 179 120 110 
132 159 179 120 110 
132 159 179 121 110 
133 159 179 121 110 
133 160 179 121 110 
133 160 179 121 111 
133 161 179 121 111 
133 162 179 121 111 
134 162 179 121 111 
134 162 179 121 112 
134 163 179 121 112 
135 163 179 121 112 
135 163 179 121 113 
135 163 180 121 113 
135 163 180 121 114 
135 164 180 121 114 
136 164 180 121 114 
137 164 180 121 114 
138 164 180 121 114 
138 164 180 122 114 
139 164 180 122 114 
139 165 180 122 114 
139 165 181 122 114 
140 165 181 122 114 
141 165 181 122 114 
142 165 181 122 114 
142 165 182 122 114 
142 166 182 122 114 
142 167 182 122 114 
142 167 182 123 114 
143 167 182 123 114 
143 167 183 123 114 
143 168 183 123 114 
143 168 183 123 115 
143 168 184 123 115 
143 169 184 123 115 
143 169 184 123 116 
143 169 185 123 116 
143 169 186 123 116 
144 169 186 123 116 
145 169 186 123 116 
146 169 186 123 116 
146 169 187 123 116 
146 169 187 123 117 
146 170 187 123 117 
146 170 187 124 117 
147 170 187 124 117 
147 170 187 125 117 
147 170 187 126 117 
147 170 187 126 118 
147 170 188 126 118 
147 170 188 127 118 
147 170 189 127 118 
147 170 189 128 118 
147 170 189 129 118 
147 170 189 130 118 
147 170 189 131 118 
147 171 189 131 118 
147 171 190 131 118 
147 171 190 132 118 
147 172 190 132 118 
147 172 190 133 118 
147 172 190 133 119 
147 172 191 133 119 
147 172 191 134 119 
147 172 191 135 119 
147 172 192 135 119 
147 173 192 135 119 
147 173 193 135 119 
147 173 193 135 120 
147 173 193 135 121 
147 173 193 136 121 
147 174 193 136 121 
148 174 193 136 121 
148 174 193 137 121 
148 175 193 137 121 
148 175 193 138 121 
148 175 194 138 121 
148 175 194 139 121 
148 175 194 139 122 
148 175 195 139 122 
148 175 195 140 122 
148 175 196 140 122 
148 175 196 140 123 
148 176 196 140 123 
148 176 196 141 123 
148 176 197 141 123 
149 176 197 141 123 
149 177 197 141 123 
149 177 197 141 124 
150 177 197 141 124 
150 177 197 141 125 
151 177 197 141 125 
151 178 197 141 125 
152 178 197 141 125 
152 178 197 142 125 
152 179 197 142 125 
153 179 197 142 125 
153 179 198 142 125 
153 179 198 142 126 
153 179 199 142 126 
153 179 200 142 126 
153 179 201 142 126 
154 179 201 142 126 
154 179 201 143 126 
154 179 202 143 126 
154 180 202 143 126 
154 181 202 143 126 
154 182 202 143 126 
154 183 202 143 126 
154 183 202 144 126 
154 183 202 145 126 
154 183 202 145 127 
154 184 202 145 127 
154 184 202 145 128 
154 185 202 145 128 
154 186 202 145 128 
155 186 202 145 128 
156 186 202 145 128 
156 186 202 146 128 
156 187 202 146 128 
156 187 203 146 128 
156 187 204 146 128 
156 188 204 146 128 
157 188 204 146 128 
157 188 205 146 128 
157 189 205 146 128 
157 190 205 146 128 
157 191 205 146 128 
157 191 205 147 128 
157 191 205 147 129 
157 192 205 147 129 
157 192 205 148 129 
157 192 205 149 129 
157 193 205 149 129 
158 193 205 149 129 
158 193 206 149 129 
158 193 207 149 129 
158 193 208 149 129 
159 193 208 149 129 
159 194 208 149 129 
160 194 208 149 129 
160 194 208 149 130 
160 195 208 149 130 
160 195 208 150 130 
160 195 209 150 130 
161 195 209 150 130 
162 195 209 150 130 
163 195 209 150 130 
163 195 210 150 130 
163 195 210 151 130 
163 195 210 151 131 
163 196 210 151 131 
163 196 211 151 131 
163 197 211 151 131 
163 197 212 151 131 
163 197 212 152 131 
163 198 212 152 131 
163 198 212 153 131 
163 199 212 153 131 
164 199 212 153 131 
165 199 212 153 131 
165 199 212 154 131 
165 199 213 154 131 
165 199 213 154 132 
165 199 213 155 132 
166 199 213 155 132 
166 199 213 156 132 
167 199 213 156 132 
167 199 213 156 133 
167 199 213 157 133 
167 200 213 157 133 
167 200 213 158 133 
167 200 213 159 133 
167 200 213 159 134 
167 200 213 159 135 
167 200 213 160 135 
167 200 213 160 136 
167 200 213 161 136 
167 201 213 161 136 
167 201 213 162 136 
167 201 213 163 136 
167 202 213 163 136 
168 202 213 163 136 
168 202 213 163 137 
168 202 213 163 138 
168 202 213 163 139 
169 202 213 163 139 
170 202 213 163 139 
170 203 213 163 139 
170 203 213 164 139 
170 203 213 165 139 
170 203 213 165 140 
170 204 213 165 140 
170 204 213 165 141 
170 204 213 165 142 
170 204 213 166 142 
170 204 213 167 142 
170 205 213 167 142 
171 205 213 167 142 
171 205 213 168 142 
172 205 213 168 142 
172 205 213 168 143 
172 205 213 168 144 
173 205 213 168 144 
173 206 213 168 144 
174 206 213 168 144 
175 206 213 168 144 
175 206 213 168 145 
175 206 214 168 145 
175 206 214 169 145 
175 207 214 169 145 
176 207 214 169 145 
176 208 214 169 145 
176 209 214 169 145 
177 209 214 169 145 
178 209 214 169 145 
178 209 214 169 146 
178 209 214 170 146 
178 209 214 171 146 
179 209 214 171 146 
179 210 214 171 146 
179 210 215 171 146 
179 210 216 171 146 
180 210 216 171 146 
180 211 216 171 146 
180 211 216 171 147 
180 211 217 171 147 
181 211 217 171 147 
181 211 217 171 148 
181 211 218 171 148 
181 212 218 171 148 
181 212 218 172 148 
181 212 218 173 148 
182 212 218 173 148 
182 212 218 173 149 
182 212 219 173 149 
183 212 219 173 149 
183 213 219 173 149 
183 214 219 173 149 
183 214 219 173 150 
183 214 219 173 151 
184 214 219 173 151 
184 215 219 173 151 
185 215 219 173 151 
185 216 219 173 151 
185 216 219 173 152 
185 216 220 173 152 
185 216 220 174 152 
185 216 220 174 153 
185 217 220 174 153 
185 217 221 174 153 
185 217 222 174 153 
185 217 223 174 153 
185 217 223 175 153 
185 217 223 176 153 
185 217 224 176 153 
185 217 224 177 153 
185 217 224 178 153 
185 217 225 178 153 
185 217 226 178 153 
185 218 226 178 153 
186 218 226 178 153 
187 218 226 178 153 