Top Jungle Mid Bot/Support Bot/Carry
0 0 0 1 0 
0 0 1 1 0 
0 0 2 1 0 
0 0 3 1 0 
0 0 3 1 1 
0 0 4 1 1 
0 0 5 1 1 
0 0 6 1 1 
0 0 7 1 1 
0 0 8 1 1 
0 0 9 1 1 
0 0 9 1 2 
0 0 10 1 2 
1 0 10 1 2 
1 0 10 1 3 
1 1 10 1 3 
1 1 11 1 3 
2 1 11 1 3 
2 1 11 2 3 
2 1 12 2 3 
2 2 12 2 3 
2 3 12 2 3 
2 3 12 2 4 
2 3 12 2 5 
2 3 13 2 5 
2 3 14 2 5 
3 3 14 2 5 
3 3 15 2 5 
3 3 15 3 5 
3 3 15 3 6 
3 3 15 3 7 
3 4 15 3 7 
3 4 15 3 8 
3 4 15 4 8 
4 4 15 4 8 
4 4 15 4 9 
4 5 15 4 9 
4 5 15 4 10 
4 5 16 4 10 
4 6 16 4 10 
4 6 16 5 10 
4 6 17 5 10 
4 7 17 5 10 
4 8 17 5 10 
4 8 17 5 11 
4 8 17 5 12 
4 9 17 5 12 
4 9 18 5 12 
4 9 18 6 12 
4 9 18 6 13 
4 10 18 6 13 
4 11 18 6 13 
4 11 19 6 13 
5 11 19 6 13 
5 11 19 6 14 
6 11 19 6 14 
6 12 19 6 14 
6 13 19 6 14 
6 14 19 6 14 
6 14 19 7 14 
6 14 19 7 15 
6 14 19 7 16 
6 14 20 7 16 
6 15 20 7 16 
7 15 20 7 16 
7 16 20 7 16 
7 16 20 8 16 
7 16 21 8 16 
7 16 22 8 16 
7 17 22 8 16 
8 17 22 8 16 
9 17 22 8 16 
9 18 22 8 16 
9 18 22 9 16 
9 18 22 10 16 
9 18 23 10 16 
10 18 23 10 16 
11 18 23 10 16 
12 18 23 10 16 
13 18 23 10 16 
13 18 23 11 16 
13 18 24 11 16 
13 18 24 11 17 
13 18 24 11 18 
13 18 24 12 18 
13 18 24 13 18 
13 18 24 14 18 
13 18 24 14 19 
14 18 24 14 19 
14 19 24 14 19 
14 20 24 14 19 
14 21 24 14 19 
15 21 24 14 19 
16 21 24 14 19 
17 21 24 14 19 
17 21 24 15 19 
17 21 24 16 19 
17 21 24 16 20 
17 22 24 16 20 
17 22 25 16 20 
17 22 26 16 20 
17 22 27 16 20 
17 22 27 17 20 
18 22 27 17 20 
18 22 27 18 20 
18 22 27 18 21 
19 22 27 18 21 
19 23 27 18 21 
19 23 28 18 21 
19 23 29 18 21 
19 24 29 18 21 
20 24 29 18 21 
21 24 29 18 21 
21 25 29 18 21 
21 25 29 19 21 
21 26 29 19 21 
21 27 29 19 21 
22 27 29 19 21 
23 27 29 19 21 
23 27 29 20 21 
24 27 29 20 21 
24 27 29 20 22 
24 27 29 21 22 
24 28 29 21 22 
25 28 29 21 22 
26 28 29 21 22 
26 28 30 21 22 
27 28 30 21 22 
27 28 31 21 22 
27 28 32 21 22 
27 28 33 21 22 
27 28 33 22 22 
28 28 33 22 22 
28 28 34 22 22 
28 28 35 22 22 
28 29 35 22 22 
28 30 35 22 22 
28 30 36 22 22 
28 30 37 22 22 
29 30 37 22 22 
29 30 37 23 22 
29 30 38 23 22 
29 30 39 23 22 
29 31 39 23 22 
29 31 39 23 23 
30 31 39 23 23 
30 32 39 23 23 
30 32 40 23 23 
31 32 40 23 23 
31 32 41 23 23 
31 32 41 24 23 
31 33 41 24 23 
31 33 41 24 24 
31 33 42 24 24 
32 33 42 24 24 
33 33 42 24 24 
33 33 43 24 24 
33 34 43 24 24 
34 34 43 24 24 
34 34 43 25 24 
34 34 43 26 24 
34 34 44 26 24 
35 34 44 26 24 
35 35 44 26 24 
35 35 45 26 24 
35 35 45 26 25 
35 36 45 26 25 
35 36 45 27 25 
35 36 45 28 25 
35 37 45 28 25 
35 37 45 28 26 
35 37 45 29 26 
35 37 45 30 26 
36 37 45 30 26 
36 37 45 30 27 
36 38 45 30 27 
36 38 45 30 28 
36 38 46 30 28 
37 38 46 30 28 
38 38 46 30 28 
39 38 46 30 28 
39 38 46 30 29 
39 38 47 30 29 
40 38 47 30 29 
40 38 47 31 29 
40 38 48 31 29 
40 39 48 31 29 
40 40 48 31 29 
40 40 48 32 29 
40 41 48 32 29 
40 41 48 33 29 
40 41 48 33 30 
40 41 48 33 31 
40 41 48 34 31 
40 41 48 34 32 
40 42 48 34 32 
40 42 48 34 33 
40 42 49 34 33 
40 42 49 35 33 
40 42 49 36 33 
41 42 49 36 33 
41 43 49 36 33 
41 44 49 36 33 
41 44 50 36 33 
41 45 50 36 33 
41 45 50 36 34 
41 45 51 36 34 
41 45 52 36 34 
41 45 52 37 34 
42 45 52 37 34 
42 45 53 37 34 
42 45 54 37 34 
42 45 55 37 34 
42 45 56 37 34 
42 45 56 37 35 
42 45 56 38 35 
42 45 56 38 36 
42 45 56 39 36 
42 45 57 39 36 
42 46 57 39 36 
42 46 57 40 36 
42 46 57 41 36 
42 46 58 41 36 
42 46 59 41 36 
42 46 60 41 36 
43 46 60 41 36 
44 46 60 41 36 
44 47 60 41 36 
45 47 60 41 36 
45 47 61 41 36 
45 47 61 41 37 
45 47 62 41 37 
45 47 63 41 37 
45 48 63 41 37 
45 48 64 41 37 
45 48 64 42 37 
45 48 65 42 37 
45 49 65 42 37 
45 49 65 42 38 
45 49 66 42 38 
46 49 66 42 38 
46 50 66 42 38 
46 50 67 42 38 
46 50 68 42 38 
47 50 68 42 38 
47 51 68 42 38 
48 51 68 42 38 
49 51 68 42 38 
49 52 68 42 38 
49 52 68 42 39 
49 52 68 43 39 
49 52 69 43 39 
49 53 69 43 39 
50 53 69 43 39 
50 53 70 43 39 
50 53 70 44 39 
51 53 70 44 39 
51 54 70 44 39 
51 54 70 45 39 
51 54 71 45 39 
51 54 72 45 39 
51 55 72 45 39 
51 55 72 46 39 
51 55 72 46 40 
51 55 72 46 41 
52 55 72 46 41 
53 55 72 46 41 
53 55 72 46 42 
53 55 73 46 42 
54 55 73 46 42 
54 55 74 46 42 
54 55 74 47 42 
54 55 75 47 42 
55 55 75 47 42 
55 55 76 47 42 
55 55 77 47 42 
56 55 77 47 42 
56 55 77 47 43 
56 56 77 47 43 
56 56 77 48 43 
57 56 77 48 43 
57 56 78 48 43 
57 56 78 48 44 
58 56 78 48 44 
58 56 79 48 44 
58 57 79 48 44 
58 58 79 48 44 
58 59 79 48 44 
58 59 80 48 44 
58 59 80 48 45 
58 59 80 49 45 
58 60 80 49 45 
59 60 80 49 45 
59 61 80 49 45 
59 61 81 49 45 
59 61 81 49 46 
60 61 81 49 46 
60 61 82 49 46 
60 61 82 50 46 
60 61 82 50 47 
60 61 82 51 47 
61 61 82 51 47 
61 61 82 52 47 
62 61 82 52 47 
62 61 82 52 48 
63 61 82 52 48 
63 62 82 52 48 
63 62 83 52 48 
63 63 83 52 48 
63 64 83 52 48 
63 64 84 52 48 
63 64 84 53 48 
64 64 84 53 48 
64 65 84 53 48 
65 65 84 53 48 
65 66 84 53 48 
65 67 84 53 48 
65 68 84 53 48 
66 68 84 53 48 
66 69 84 53 48 
66 69 84 54 48 
66 69 84 55 48 
66 69 85 55 48 
66 69 86 55 48 
66 69 86 55 49 
67 69 86 55 49 
67 70 86 55 49 
67 70 86 56 49 
67 70 86 56 50 
67 70 87 56 50 
67 71 87 56 50 
67 72 87 56 50 
67 72 88 56 50 
67 72 88 57 50 
67 72 89 57 50 
67 72 89 57 51 
67 72 89 58 51 
67 72 89 59 51 
68 72 89 59 51 
68 72 89 59 52 
68 73 89 59 52 
69 73 89 59 52 
70 73 89 59 52 
70 73 90 59 52 
70 73 91 59 52 
70 73 91 60 52 
70 73 91 60 53 
70 73 91 60 54 
70 73 91 60 55 
71 73 91 60 55 
71 73 92 60 55 
71 73 92 60 56 
71 73 92 60 57 
71 73 92 60 58 
72 73 92 60 58 
72 73 92 60 59 
73 73 92 60 59 
73 74 92 60 59 
73 74 92 60 60 
73 74 92 60 61 
73 74 92 61 61 
73 75 92 61 61 
73 75 92 62 61 
73 75 92 63 61 
73 75 93 63 61 
73 75 93 64 61 
73 75 93 64 62 
73 75 93 64 63 
73 75 94 64 63 
73 75 95 64 63 
73 75 96 64 63 
73 75 96 64 64 
73 75 96 65 64 
73 75 97 65 64 
74 75 97 65 64 
74 75 97 65 65 
75 75 97 65 65 
75 75 97 65 66 
76 75 97 65 66 
76 75 97 66 66 
76 76 97 66 66 
76 77 97 66 66 
76 77 98 66 66 
76 77 98 66 67 
76 78 98 66 67 
77 78 98 66 67 
77 79 98 66 67 
77 79 99 66 67 
77 79 99 67 67 
77 79 99 68 67 
78 79 99 68 67 
78 80 99 68 67 
78 80 100 68 67 
78 80 100 68 68 
78 80 101 68 68 
78 80 102 68 68 
78 80 102 68 69 
78 80 103 68 69 
79 80 103 68 69 
79 81 103 68 69 
79 82 103 68 69 
79 82 103 68 70 
80 82 103 68 70 
80 82 103 69 70 
81 82 103 69 70 
81 82 104 69 70 
81 82 104 69 71 
81 82 104 69 72 
82 82 104 69 72 
82 82 104 70 72 
82 82 104 70 73 
82 83 104 70 73 
82 83 104 70 74 
82 83 104 71 74 
82 84 104 71 74 
82 84 104 72 74 
82 84 104 72 75 
82 84 104 72 76 
82 84 104 73 76 
82 84 104 73 77 
83 84 104 73 77 
83 84 105 73 77 
83 84 105 73 78 
83 84 105 74 78 
84 84 105 74 78 
84 84 106 74 78 
85 84 106 74 78 
85 84 107 74 78 
85 84 107 75 78 
85 85 107 75 78 
86 85 107 75 78 
87 85 107 75 78 
87 85 107 76 78 
88 85 107 76 78 
88 86 107 76 78 
88 86 107 76 79 
88 86 107 76 80 
89 86 107 76 80 
90 86 107 76 80 
90 87 107 76 80 
90 88 107 76 80 
91 88 107 76 80 
92 88 107 76 80 
93 88 107 76 80 
93 88 108 76 80 
94 88 108 76 80 
94 89 108 76 80 
95 89 108 76 80 
95 90 108 76 80 
95 90 109 76 80 
95 90 110 76 80 
95 90 110 76 81 
95 90 111 76 81 
95 90 112 76 81 
95 90 112 77 81 
95 90 112 78 81 
96 90 112 78 81 
96 90 113 78 81 
96 90 113 79 81 
97 90 113 79 81 
97 90 114 79 81 
98 90 114 79 81 
98 90 114 79 82 
98 90 115 79 82 
98 90 115 79 83 
98 91 115 79 83 
98 91 116 79 83 
98 92 116 79 83 
98 93 116 79 83 
99 93 116 79 83 
100 93 116 79 83 
100 93 117 79 83 
100 93 117 79 84 
101 93 117 79 84 
102 93 117 79 84 
103 93 117 79 84 
103 93 118 79 84 
104 93 118 79 84 
104 94 118 79 84 
104 94 119 79 84 
104 95 119 79 84 
105 95 119 79 84 
105 96 119 79 84 
105 96 120 79 84 
105 97 120 79 84 
105 97 120 79 85 
105 97 121 79 85 
105 98 121 79 85 
106 98 121 79 85 
107 98 121 79 85 
107 98 122 79 85 
107 98 123 79 85 
107 98 124 79 85 
107 98 125 79 85 
107 98 125 79 86 
107 98 125 80 86 
107 98 126 80 86 
107 98 126 80 87 
107 99 126 80 87 
107 100 126 80 87 
108 100 126 80 87 
109 100 126 80 87 
110 100 126 80 87 
110 100 127 80 87 
110 100 128 80 87 
110 100 128 80 88 
110 101 128 80 88 
110 101 129 80 88 
110 101 129 81 88 
110 101 129 81 89 
111 101 129 81 89 
112 101 129 81 89 
113 101 129 81 89 
113 101 130 81 89 
113 101 131 81 89 
113 101 131 81 90 
113 101 132 81 90 
113 101 133 81 90 
114 101 133 81 90 
114 101 133 82 90 
114 102 133 82 90 
114 102 134 82 90 
114 103 134 82 90 
115 103 134 82 90 
115 104 134 82 90 
115 105 134 82 90 
115 105 134 82 91 
115 105 134 82 92 
115 105 135 82 92 
115 105 135 83 92 
115 105 135 84 92 
115 105 135 84 93 
115 106 135 84 93 
115 106 135 84 94 
115 106 136 84 94 
115 106 136 85 94 
115 107 136 85 94 
115 107 136 86 94 
115 107 137 86 94 
115 107 138 86 94 
115 107 139 86 94 
115 107 139 86 95 
115 107 139 86 96 
115 107 139 87 96 
115 108 139 87 96 
115 109 139 87 96 
116 109 139 87 96 
116 110 139 87 96 
116 110 139 88 96 
116 110 139 88 97 
116 111 139 88 97 
117 111 139 88 97 
118 111 139 88 97 
118 112 139 88 97 
118 112 139 88 98 
119 112 139 88 98 
119 113 139 88 98 
119 113 139 88 99 
119 113 140 88 99 
119 113 141 88 99 
119 113 141 89 99 
119 114 141 89 99 
119 114 141 89 100 
119 115 141 89 100 
119 115 141 89 101 
120 115 141 89 101 
121 115 141 89 101 
121 115 141 90 101 
121 115 141 91 101 
121 116 141 91 101 
121 117 141 91 101 
121 118 141 91 101 
121 119 141 91 101 
121 120 141 91 101 
121 120 141 91 102 
121 120 141 91 103 
122 120 141 91 103 
122 121 141 91 103 
122 121 141 91 104 
123 121 141 91 104 
123 121 141 91 105 
123 122 141 91 105 
124 122 141 91 105 
124 122 142 91 105 
124 122 142 91 106 
124 122 142 91 107 
125 122 142 91 107 
125 123 142 91 107 
125 123 142 92 107 
125 123 142 92 108 
126 123 142 92 108 
126 123 142 93 108 
127 123 142 93 108 
128 123 142 93 108 
128 123 142 94 108 
129 123 142 94 108 
129 124 142 94 108 
130 124 142 94 108 
130 124 143 94 108 
130 124 144 94 108 
130 124 144 95 108 
131 124 144 95 108 
131 125 144 95 108 
131 125 144 95 109 
131 125 145 95 109 
131 125 146 95 109 
132 125 146 95 109 
132 125 146 96 109 
132 125 147 96 109 
132 125 148 96 109 
133 125 148 96 109 
134 125 148 96 109 
134 125 149 96 109 
134 125 150 96 109 
134 125 151 96 109 
134 125 152 96 109 
134 125 152 96 110 
134 126 152 96 110 
134 126 153 96 110 
134 126 154 96 110 
134 126 154 96 111 
134 126 154 97 111 
134 126 154 97 112 
134 126 154 97 113 
134 126 154 98 113 
134 127 154 98 113 
134 128 154 98 113 
135 128 154 98 113 
135 128 154 99 113 
135 128 155 99 113 
135 128 155 99 114 
136 128 155 99 114 
136 129 155 99 114 
136 129 155 100 114 
136 130 155 100 114 
136 130 155 100 115 
136 130 155 101 115 
137 130 155 101 115 
137 130 156 101 115 
137 131 156 101 115 
137 132 156 101 115 
137 132 156 102 115 
137 132 156 102 116 
137 132 156 103 116 
137 133 156 103 116 
137 133 156 104 116 
137 133 156 104 117 
137 133 156 104 118 
138 133 156 104 118 
138 134 156 104 118 
138 135 156 104 118 
138 135 156 105 118 
138 135 157 105 118 
138 136 157 105 118 
138 136 157 105 119 
138 136 157 106 119 
138 136 158 106 119 
139 136 158 106 119 
139 137 158 106 119 
139 137 159 106 119 
139 137 160 106 119 
139 137 160 106 120 
139 137 160 107 120 
139 137 160 107 121 
139 137 160 107 122 
139 138 160 107 122 
139 138 161 107 122 
140 138 161 107 122 
141 138 161 107 122 
141 138 162 107 122 
141 139 162 107 122 
141 140 162 107 122 
141 140 162 108 122 
141 141 162 108 122 
142 141 162 108 122 
142 141 162 108 123 
143 141 162 108 123 
143 141 162 108 124 
144 141 162 108 124 
144 142 162 108 124 
144 142 163 108 124 
144 142 163 108 125 
145 142 163 108 125 
145 142 163 109 125 
146 142 163 109 125 
146 143 163 109 125 
146 143 163 110 125 
146 143 163 111 125 
146 143 163 111 126 
146 144 163 111 126 
146 144 163 111 127 
146 144 163 111 128 
146 144 163 112 128 
146 144 164 112 128 
146 144 165 112 128 
146 144 165 113 128 
146 144 165 114 128 
146 144 166 114 128 
146 144 166 114 129 
146 145 166 114 129 
146 145 166 115 129 
146 146 166 115 129 
146 146 166 115 130 
146 146 166 115 131 
146 146 167 115 131 
147 146 167 115 131 
147 146 167 116 131 
147 146 167 116 132 
147 147 167 116 132 
147 147 167 116 133 
147 147 168 116 133 
147 147 169 116 133 
148 147 169 116 133 
148 147 169 116 134 
149 147 169 116 134 
149 147 169 117 134 
149 147 169 117 135 
149 148 169 117 135 
150 148 169 117 135 
151 148 169 117 135 
152 148 169 117 135 
152 149 169 117 135 
153 149 169 117 135 
153 149 169 118 135 
153 149 169 119 135 
153 149 169 119 136 
154 149 169 119 136 
155 149 169 119 136 
155 149 170 119 136 
156 149 170 119 136 
156 149 170 119 137 
156 150 170 119 137 
156 151 170 119 137 
156 152 170 119 137 
156 152 170 119 138 
156 152 171 119 138 
156 152 171 119 139 
156 153 171 119 139 
156 153 171 120 139 
157 153 171 120 139 
157 154 171 120 139 
157 154 172 120 139 
158 154 172 120 139 
158 154 173 120 139 
158 155 173 120 139 
158 156 173 120 139 
158 156 174 120 139 
158 157 174 120 139 
158 157 174 121 139 
158 157 174 121 140 
158 157 174 121 141 
159 157 174 121 141 
159 157 174 121 142 
160 157 174 121 142 
160 157 175 121 142 
160 157 176 121 142 
161 157 176 121 142 
161 157 176 121 143 
161 157 176 122 143 
161 157 176 123 143 
161 158 176 123 143 
162 158 176 123 143 
162 158 176 124 143 
162 158 176 125 143 
162 158 176 126 143 
162 158 176 126 144 
162 159 176 126 144 
162 159 177 126 144 
163 159 177 126 144 
163 159 177 127 144 
163 159 178 127 144 
163 159 178 127 145 
163 159 179 127 145 
163 159 180 127 145 
163 159 180 128 145 
163 159 180 129 145 
163 159 180 130 145 
164 159 180 130 145 
164 159 180 131 145 
165 159 180 131 145 
165 159 180 132 145 
165 160 180 132 145 
166 160 180 132 145 
166 160 180 132 146 
167 160 180 132 146 
167 160 180 132 147 
167 160 181 132 147 
167 160 181 132 148 
167 160 182 132 148 
167 161 182 132 148 
167 161 182 132 149 
167 161 182 132 150 
167 161 182 133 150 
167 161 182 133 151 
167 161 182 133 152 
167 161 182 133 153 
167 162 182 133 153 
167 162 183 133 153 
167 163 183 133 153 
167 164 183 133 153 
167 164 183 133 154 
167 165 183 133 154 
167 165 183 134 154 
167 166 183 134 154 
167 166 184 134 154 
168 166 184 134 154 
169 166 184 134 154 
169 166 185 134 154 
169 167 185 134 154 
169 167 185 135 154 
169 167 186 135 154 
169 167 186 135 155 
170 167 186 135 155 
170 168 186 135 155 
170 168 186 136 155 
170 168 186 137 155 
170 168 186 138 155 
170 169 186 138 155 
170 169 186 139 155 
170 169 186 140 155 
170 169 187 140 155 
171 169 187 140 155 
171 170 187 140 155 
171 170 187 140 156 
171 171 187 140 156 
171 171 187 141 156 
171 171 188 141 156 
171 171 188 142 156 
171 171 188 143 156 
171 171 188 143 157 
171 172 188 143 157 
171 172 188 144 157 
171 172 189 144 157 
171 172 189 144 158 
171 172 189 145 158 
172 172 189 145 158 
172 172 190 145 158 
173 172 190 145 158 
173 173 190 145 158 
174 173 190 145 158 
174 173 190 146 158 
174 173 190 146 159 
175 173 190 146 159 
176 173 190 146 159 
176 173 190 147 159 
176 173 190 147 160 
176 173 191 147 160 
177 173 191 147 160 
177 173 191 148 160 
177 173 191 148 161 
178 173 191 148 161 
178 173 191 149 161 
179 173 191 149 161 
180 173 191 149 161 
180 173 192 149 161 
180 174 192 149 161 
180 174 193 149 161 
180 174 194 149 161 
180 174 194 150 161 
180 174 195 150 161 
180 174 196 150 161 
180 175 196 150 161 
181 175 196 150 161 
181 175 196 151 161 
181 175 196 151 162 
181 175 196 152 162 
181 176 196 152 162 
182 176 196 152 162 
183 176 196 152 162 
183 176 196 152 163 
183 176 196 152 164 
183 176 196 153 164 
183 177 196 153 164 
183 178 196 153 164 
184 178 196 153 164 
184 178 196 154 164 
184 179 196 154 164 
184 179 196 154 165 
184 179 196 154 166 
184 179 196 154 167 
184 179 196 154 168 
184 179 197 154 168 
184 179 198 154 168 
185 179 198 154 168 
185 179 199 154 168 
185 179 199 154 169 
186 179 199 154 169 
186 179 199 155 169 
186 179 200 155 169 
186 179 201 155 169 
187 179 201 155 169 
187 179 202 155 169 
187 179 203 155 169 
187 179 204 155 169 
187 179 205 155 169 
187 180 205 155 169 
187 180 206 155 169 
187 180 206 155 170 
187 180 207 155 170 
187 180 207 156 170 
187 180 207 156 171 
188 180 207 156 171 
188 180 208 156 171 
188 180 208 157 171 
188 180 208 158 171 
188 180 209 158 171 
188 181 209 158 171 
189 181 209 158 171 
189 181 210 158 171 
189 181 211 158 171 
189 181 212 158 171 
189 181 213 158 171 
189 181 214 158 171 
189 182 214 158 171 
189 182 214 159 171 
189 182 215 159 171 
189 182 215 159 172 
189 182 216 159 172 
189 182 217 159 172 
189 182 217 159 173 
189 183 217 159 173 
189 183 217 159 174 
189 184 217 159 174 
189 185 217 159 174 
189 186 217 159 174 
189 186 217 160 174 
189 186 218 160 174 
189 186 218 160 175 
189 186 219 160 175 
189 186 220 160 175 
189 186 221 160 175 
189 186 221 161 175 
190 186 221 161 175 
190 187 221 161 175 
191 187 221 161 175 
191 188 221 161 175 
191 188 221 161 176 
191 188 221 162 176 
191 189 221 162 176 
191 189 221 162 177 
191 189 222 162 177 
192 189 222 162 177 
192 189 223 162 177 
192 189 223 162 178 
192 189 223 162 179 
192 189 223 163 179 
192 190 223 163 179 
193 190 223 163 179 
194 190 223 163 179 
194 190 223 163 180 
194 190 224 163 180 
194 191 224 163 180 
194 191 225 163 180 
194 191 226 163 180 
194 191 226 164 180 
195 191 226 164 180 
195 191 227 164 180 
195 192 227 164 180 
195 193 227 164 180 
195 193 228 164 180 
195 193 229 164 180 
195 193 229 165 180 
195 193 229 165 181 
195 193 230 165 181 
196 193 230 165 181 
196 193 231 165 181 
196 193 231 165 182 
196 193 232 165 182 
197 193 232 165 182 
197 193 233 165 182 
197 193 233 166 182 
197 194 233 166 182 
198 194 233 166 182 
198 194 233 167 182 
199 194 233 167 182 
199 194 234 167 182 
199 194 234 168 182 
199 194 235 168 182 
199 194 235 168 183 
200 194 235 168 183 
200 195 235 168 183 
200 195 236 168 183 
200 195 236 169 183 
200 195 237 169 183 
200 195 237 169 184 
201 195 237 169 184 
201 195 237 170 184 
201 195 238 170 184 
201 195 238 170 185 
201 195 238 171 185 
201 195 238 172 185 
201 195 239 172 185 
202 195 239 172 185 
202 196 239 172 185 
202 197 239 172 185 
202 197 240 172 185 
202 197 241 172 185 
203 197 241 172 185 
203 197 241 172 186 
204 197 241 172 186 
205 197 241 172 186 
205 197 241 173 186 
205 198 241 173 186 
206 198 241 173 186 
206 199 241 173 186 
206 199 242 173 186 
206 199 242 174 186 
206 200 242 174 186 
206 200 242 174 187 
206 201 242 174 187 
206 202 242 174 187 
206 202 243 174 187 
206 203 243 174 187 
206 203 243 174 188 
207 203 243 174 188 
207 203 243 175 188 
207 203 243 176 188 
207 203 243 176 189 
207 203 243 176 190 
208 203 243 176 190 
208 204 243 176 190 
208 204 244 176 190 
208 204 245 176 190 
208 204 246 176 190 
208 205 246 176 190 
209 205 246 176 190 
209 206 246 176 190 
210 206 246 176 190 
210 206 247 176 190 
210 207 247 176 190 
210 207 248 176 190 
210 208 248 176 190 
211 208 248 176 190 
211 208 248 176 191 
212 208 248 176 191 
212 208 248 177 191 
212 208 248 178 191 
212 208 249 178 191 
213 208 249 178 191 
213 208 250 178 191 
213 208 251 178 191 
213 209 251 178 191 
214 209 251 178 191 
214 209 251 178 192 
214 210 251 178 192 
214 210 252 178 192 
214 210 252 179 192 
214 210 253 179 192 
214 210 254 179 192 
215 210 254 179 192 
215 210 254 180 192 
215 210 255 180 192 
216 210 255 180 192 
216 210 256 180 192 
216 211 256 180 192 
217 211 256 180 192 
217 211 257 180 192 
217 211 258 180 192 
217 212 258 180 192 
217 212 259 180 192 
217 212 260 180 192 
217 213 260 180 192 
217 213 261 180 192 
217 214 261 180 192 
217 214 261 180 193 
217 214 262 180 193 
217 215 262 180 193 
217 216 262 180 193 
217 216 262 181 193 
218 216 262 181 193 
219 216 262 181 193 
219 217 262 181 193 
219 217 262 181 194 
219 217 263 181 194 
219 217 264 181 194 
219 217 264 182 194 
219 217 264 183 194 
219 218 264 183 194 
219 218 264 184 194 
219 218 264 185 194 
219 218 264 185 195 
220 218 264 185 195 
220 218 264 185 196 
221 218 264 185 196 
221 218 265 185 196 
221 218 265 185 197 
221 218 265 185 198 
222 218 265 185 198 
223 218 265 185 198 
223 218 265 185 199 
223 218 265 185 200 
223 218 266 185 200 
223 218 266 186 200 
223 219 266 186 200 
223 219 267 186 200 
223 220 267 186 200 
223 220 267 186 201 
223 220 268 186 201 
223 220 269 186 201 
223 220 269 187 201 
223 221 269 187 201 
223 221 270 187 201 
223 222 270 187 201 
223 223 270 187 201 
223 224 270 187 201 
224 224 270 187 201 
224 224 270 188 201 
224 224 271 188 201 
224 225 271 188 201 
224 226 271 188 201 
224 226 272 188 201 
224 227 272 188 201 
224 228 272 188 201 
224 228 273 188 201 
224 228 273 188 202 
224 228 273 189 202 
224 228 273 189 203 
224 228 273 189 204 
224 228 273 190 204 
224 228 274 190 204 
224 228 274 191 204 
224 228 274 191 205 
224 229 274 191 205 
224 229 274 191 206 
225 229 274 191 206 
225 229 274 191 207 
225 230 274 191 207 
225 231 274 191 207 
226 231 274 191 207 
226 231 275 191 207 
226 231 276 191 207 
226 232 276 191 207 
226 232 277 191 207 
226 232 277 192 207 
226 233 277 192 207 
