Top Jungle Mid Bot/Support Bot/Carry
1 0 0 0 0 
1 0 0 0 1 
2 0 0 0 1 
3 0 0 0 1 
3 0 1 0 1 
3 0 1 0 2 
3 0 1 0 3 
3 0 1 0 4 
4 0 1 0 4 
5 0 1 0 4 
5 0 2 0 4 
5 0 2 1 4 
6 0 2 1 4 
6 0 2 1 5 
7 0 2 1 5 
7 0 3 1 5 
7 0 4 1 5 
8 0 4 1 5 
8 0 5 1 5 
8 1 5 1 5 
8 1 6 1 5 
8 2 6 1 5 
8 2 7 1 5 
9 2 7 1 5 
9 2 8 1 5 
9 2 8 2 5 
10 2 8 2 5 
11 2 8 2 5 
11 2 8 3 5 
12 2 8 3 5 
13 2 8 3 5 
13 2 8 3 6 
14 2 8 3 6 
14 3 8 3 6 
14 4 8 3 6 
15 4 8 3 6 
15 4 9 3 6 
15 4 9 3 7 
15 4 9 3 8 
15 4 10 3 8 
15 4 11 3 8 
16 4 11 3 8 
16 5 11 3 8 
16 6 11 3 8 
16 7 11 3 8 
17 7 11 3 8 
17 7 11 4 8 
17 7 12 4 8 
17 7 13 4 8 
17 7 13 4 9 
17 7 13 5 9 
17 7 13 5 10 
18 7 13 5 10 
18 7 13 6 10 
18 7 14 6 10 
18 8 14 6 10 
18 9 14 6 10 
18 9 15 6 10 
18 9 16 6 10 
18 9 16 7 10 
18 10 16 7 10 
18 10 16 8 10 
18 10 17 8 10 
18 10 17 8 11 
18 10 17 8 12 
18 11 17 8 12 
18 11 18 8 12 
18 11 18 8 13 
18 12 18 8 13 
18 12 19 8 13 
18 12 19 8 14 
18 12 20 8 14 
18 12 20 8 15 
18 12 21 8 15 
19 12 21 8 15 
19 12 22 8 15 
19 12 22 8 16 
19 12 23 8 16 
19 12 23 8 17 
19 13 23 8 17 
19 13 23 9 17 
19 14 23 9 17 
20 14 23 9 17 
20 14 23 10 17 
20 14 24 10 17 
20 15 24 10 17 
21 15 24 10 17 
21 15 25 10 17 
21 15 26 10 17 
22 15 26 10 17 
22 15 26 10 18 
22 16 26 10 18 
22 16 26 10 19 
22 16 26 11 19 
22 16 26 11 20 
22 17 26 11 20 
22 18 26 11 20 
22 18 26 11 21 
23 18 26 11 21 
23 18 27 11 21 
24 18 27 11 21 
24 18 28 11 21 
24 19 28 11 21 
24 19 29 11 21 
24 19 29 12 21 
24 19 29 12 22 
24 19 30 12 22 
24 19 30 12 23 
24 19 31 12 23 
24 19 31 12 24 
24 19 31 13 24 
24 20 31 13 24 
24 20 31 13 25 
24 21 31 13 25 
24 21 32 13 25 
24 21 32 14 25 
24 21 32 15 25 
24 21 33 15 25 
24 22 33 15 25 
24 23 33 15 25 
24 23 33 15 26 
24 23 34 15 26 
24 24 34 15 26 
24 24 34 16 26 
24 25 34 16 26 
24 25 34 17 26 
24 25 35 17 26 
24 26 35 17 26 
24 27 35 17 26 
24 28 35 17 26 
24 28 35 17 27 
24 29 35 17 27 
24 29 35 17 28 
24 29 36 17 28 
25 29 36 17 28 
25 29 36 17 29 
25 29 37 17 29 
25 29 37 18 29 
25 29 38 18 29 
25 30 38 18 29 
25 30 38 18 30 
26 30 38 18 30 
26 31 38 18 30 
26 31 38 18 31 
26 32 38 18 31 
26 33 38 18 31 
26 33 39 18 31 
26 33 39 18 32 
26 34 39 18 32 
26 34 39 19 32 
26 34 40 19 32 
26 34 40 19 33 
26 34 40 19 34 
26 34 41 19 34 
26 35 41 19 34 
27 35 41 19 34 
27 35 41 19 35 
27 36 41 19 35 
28 36 41 19 35 
28 37 41 19 35 
28 38 41 19 35 
28 38 41 20 35 
28 39 41 20 35 
28 40 41 20 35 
28 40 42 20 35 
28 40 42 21 35 
28 41 42 21 35 
28 42 42 21 35 
28 43 42 21 35 
28 44 42 21 35 
28 44 42 21 36 
28 44 42 21 37 
28 44 42 21 38 
28 45 42 21 38 
29 45 42 21 38 
29 45 42 21 39 
29 46 42 21 39 
30 46 42 21 39 
30 46 43 21 39 
30 46 44 21 39 
30 46 44 22 39 
30 46 44 23 39 
30 46 44 24 39 
30 46 44 25 39 
30 46 44 26 39 
30 46 45 26 39 
30 46 46 26 39 
30 46 46 27 39 
31 46 46 27 39 
31 46 46 28 39 
31 46 46 29 39 
31 46 47 29 39 
31 46 47 30 39 
31 46 47 30 40 
31 46 47 30 41 
32 46 47 30 41 
32 47 47 30 41 
32 48 47 30 41 
32 48 48 30 41 
32 48 48 30 42 
32 48 48 31 42 
32 48 48 32 42 
32 48 49 32 42 
32 48 49 33 42 
32 49 49 33 42 
32 49 50 33 42 
32 49 51 33 42 
32 50 51 33 42 
32 50 52 33 42 
32 50 53 33 42 
32 51 53 33 42 
32 51 54 33 42 
32 51 54 33 43 
33 51 54 33 43 
33 51 55 33 43 
33 52 55 33 43 
33 52 55 33 44 
33 52 55 33 45 
33 53 55 33 45 
33 53 56 33 45 
34 53 56 33 45 
35 53 56 33 45 
35 54 56 33 45 
35 54 56 33 46 
35 54 56 33 47 
35 55 56 33 47 
35 55 56 33 48 
35 55 56 34 48 
35 56 56 34 48 
35 56 57 34 48 
35 57 57 34 48 
35 58 57 34 48 
35 58 57 35 48 
36 58 57 35 48 
36 58 57 35 49 
36 58 57 36 49 
37 58 57 36 49 
38 58 57 36 49 
38 58 57 36 50 
38 58 57 36 51 
39 58 57 36 51 
39 58 58 36 51 
40 58 58 36 51 
41 58 58 36 51 
41 59 58 36 51 
41 60 58 36 51 
41 60 58 36 52 
41 61 58 36 52 
41 62 58 36 52 
41 62 59 36 52 
41 62 59 37 52 
41 63 59 37 52 
41 63 60 37 52 
41 63 60 37 53 
41 63 61 37 53 
41 63 62 37 53 
41 63 63 37 53 
41 63 63 37 54 
41 63 64 37 54 
41 63 64 37 55 
41 64 64 37 55 
41 64 64 38 55 
42 64 64 38 55 
43 64 64 38 55 
44 64 64 38 55 
44 64 65 38 55 
44 64 65 39 55 
44 64 65 39 56 
44 64 66 39 56 
44 64 66 39 57 
44 64 67 39 57 
44 64 68 39 57 
44 65 68 39 57 
44 65 69 39 57 
44 66 69 39 57 
44 67 69 39 57 
44 68 69 39 57 
44 69 69 39 57 
44 69 70 39 57 
45 69 70 39 57 
45 69 70 39 58 
45 69 70 40 58 
45 69 70 41 58 
45 69 70 42 58 
45 69 71 42 58 
45 69 72 42 58 
45 70 72 42 58 
45 70 72 42 59 
45 70 72 43 59 
45 70 73 43 59 
46 70 73 43 59 
46 71 73 43 59 
46 72 73 43 59 
46 72 73 43 60 
46 72 73 43 61 
46 72 74 43 61 
46 73 74 43 61 
46 73 74 44 61 
47 73 74 44 61 
47 73 74 45 61 
47 73 74 46 61 
48 73 74 46 61 
48 73 75 46 61 
48 73 75 46 62 
48 73 75 47 62 
48 74 75 47 62 
48 74 75 48 62 
48 75 75 48 62 
49 75 75 48 62 
49 76 75 48 62 
49 77 75 48 62 
49 77 76 48 62 
49 78 76 48 62 
49 78 76 49 62 
50 78 76 49 62 
50 78 77 49 62 
50 78 78 49 62 
50 78 78 50 62 
50 79 78 50 62 
50 80 78 50 62 
50 81 78 50 62 
50 82 78 50 62 
50 82 79 50 62 
50 82 79 50 63 
50 82 79 50 64 
50 82 79 51 64 
51 82 79 51 64 
52 82 79 51 64 
53 82 79 51 64 
53 83 79 51 64 
53 83 80 51 64 
54 83 80 51 64 
55 83 80 51 64 
56 83 80 51 64 
56 83 80 51 65 
56 83 81 51 65 
57 83 81 51 65 
58 83 81 51 65 
58 83 81 52 65 
58 84 81 52 65 
58 85 81 52 65 
59 85 81 52 65 
59 85 81 53 65 
59 86 81 53 65 
59 86 82 53 65 
60 86 82 53 65 
61 86 82 53 65 
61 86 82 54 65 
61 86 82 54 66 
61 87 82 54 66 
62 87 82 54 66 
62 87 82 55 66 
63 87 82 55 66 
63 87 83 55 66 
64 87 83 55 66 
64 87 84 55 66 
64 88 84 55 66 
64 88 84 55 67 
64 88 85 55 67 
64 89 85 55 67 
65 89 85 55 67 
65 90 85 55 67 
65 91 85 55 67 
66 91 85 55 67 
66 92 85 55 67 
66 93 85 55 67 
66 94 85 55 67 
66 94 85 55 68 
66 94 86 55 68 
66 95 86 55 68 
67 95 86 55 68 
67 95 86 55 69 
67 96 86 55 69 
67 96 86 55 70 
67 97 86 55 70 
67 98 86 55 70 
67 98 86 55 71 
68 98 86 55 71 
68 99 86 55 71 
69 99 86 55 71 
69 99 86 55 72 
69 99 86 55 73 
69 99 86 56 73 
69 99 87 56 73 
69 100 87 56 73 
69 100 87 56 74 
69 100 87 57 74 
69 100 87 58 74 
69 100 88 58 74 
70 100 88 58 74 
70 101 88 58 74 
71 101 88 58 74 
71 101 89 58 74 
71 101 90 58 74 
71 102 90 58 74 
72 102 90 58 74 
72 102 90 59 74 
72 102 91 59 74 
72 102 92 59 74 
73 102 92 59 74 
73 103 92 59 74 
73 103 92 59 75 
73 103 92 59 76 
73 103 92 59 77 
73 103 92 59 78 
73 103 92 59 79 
74 103 92 59 79 
74 104 92 59 79 
74 104 93 59 79 
74 104 93 59 80 
74 105 93 59 80 
74 106 93 59 80 
74 106 93 60 80 
74 107 93 60 80 
75 107 93 60 80 
76 107 93 60 80 
77 107 93 60 80 
77 107 93 61 80 
77 107 93 61 81 
77 108 93 61 81 
78 108 93 61 81 
78 108 93 62 81 
78 108 94 62 81 
78 108 95 62 81 
79 108 95 62 81 
79 108 95 63 81 
79 108 95 64 81 
79 108 95 65 81 
80 108 95 65 81 
81 108 95 65 81 
81 109 95 65 81 
81 109 96 65 81 
81 110 96 65 81 
82 110 96 65 81 
82 110 96 66 81 
83 110 96 66 81 
83 110 97 66 81 
83 110 97 66 82 
83 110 97 67 82 
83 110 98 67 82 
83 110 98 67 83 
83 110 99 67 83 
84 110 99 67 83 
84 110 100 67 83 
84 111 100 67 83 
84 112 100 67 83 
84 113 100 67 83 
84 113 100 67 84 
84 114 100 67 84 
85 114 100 67 84 
85 114 101 67 84 
86 114 101 67 84 
86 115 101 67 84 
86 115 101 68 84 
86 115 102 68 84 
86 115 103 68 84 
87 115 103 68 84 
87 116 103 68 84 
88 116 103 68 84 
88 116 104 68 84 
88 117 104 68 84 
88 118 104 68 84 
88 119 104 68 84 
88 120 104 68 84 
88 121 104 68 84 
89 121 104 68 84 
89 121 104 68 85 
89 121 105 68 85 
89 122 105 68 85 
90 122 105 68 85 
90 122 105 68 86 
91 122 105 68 86 
91 123 105 68 86 
91 123 105 68 87 
91 123 106 68 87 
91 123 106 68 88 
92 123 106 68 88 
92 123 107 68 88 
92 124 107 68 88 
92 125 107 68 88 
92 125 107 68 89 
92 125 107 69 89 
92 125 107 70 89 
92 126 107 70 89 
92 126 108 70 89 
92 126 108 70 90 
92 126 109 70 90 
92 127 109 70 90 
93 127 109 70 90 
93 127 110 70 90 
93 127 110 71 90 
93 128 110 71 90 
94 128 110 71 90 
94 128 111 71 90 
94 128 111 71 91 
95 128 111 71 91 
95 128 111 71 92 
95 128 111 71 93 
95 128 111 71 94 
95 129 111 71 94 
95 130 111 71 94 
96 130 111 71 94 
96 130 112 71 94 
97 130 112 71 94 
97 130 112 72 94 
97 130 113 72 94 
98 130 113 72 94 
98 130 113 73 94 
98 130 113 74 94 
99 130 113 74 94 
99 130 113 75 94 
99 130 113 75 95 
100 130 113 75 95 
100 130 113 76 95 
100 130 114 76 95 
100 130 115 76 95 
101 130 115 76 95 
101 130 115 76 96 
101 130 116 76 96 
101 130 117 76 96 
102 130 117 76 96 
102 130 117 77 96 
102 131 117 77 96 
102 131 117 77 97 
102 131 117 78 97 
102 131 118 78 97 
102 131 118 79 97 
102 131 118 79 98 
102 131 118 79 99 
102 131 119 79 99 
102 131 120 79 99 
103 131 120 79 99 
103 131 120 79 100 
103 131 120 79 101 
103 131 121 79 101 
103 131 121 79 102 
103 132 121 79 102 
103 133 121 79 102 
103 133 122 79 102 
103 133 122 80 102 
103 133 122 81 102 
103 133 122 82 102 
104 133 122 82 102 
104 133 123 82 102 
105 133 123 82 102 
106 133 123 82 102 
106 133 124 82 102 
107 133 124 82 102 
107 133 125 82 102 
107 133 126 82 102 
107 133 126 82 103 
107 133 127 82 103 
107 133 128 82 103 
108 133 128 82 103 
108 133 128 83 103 
109 133 128 83 103 
109 133 128 84 103 
110 133 128 84 103 
110 134 128 84 103 
110 134 128 84 104 
110 134 129 84 104 
110 134 129 85 104 
110 135 129 85 104 
110 135 130 85 104 
111 135 130 85 104 
111 135 131 85 104 
111 135 132 85 104 
111 135 133 85 104 
112 135 133 85 104 
112 135 134 85 104 
112 135 134 86 104 
112 135 134 86 105 
112 135 134 87 105 
112 136 134 87 105 
112 137 134 87 105 
112 138 134 87 105 
112 138 134 88 105 
112 138 135 88 105 
112 139 135 88 105 
112 139 136 88 105 
112 139 137 88 105 
112 139 137 89 105 
112 139 137 90 105 
113 139 137 90 105 
113 139 138 90 105 
113 139 138 90 106 
113 139 138 91 106 
113 140 138 91 106 
113 140 138 92 106 
113 141 138 92 106 
113 142 138 92 106 
114 142 138 92 106 
114 142 139 92 106 
114 142 139 92 107 
114 142 140 92 107 
114 142 141 92 107 
114 143 141 92 107 
114 144 141 92 107 
114 144 141 92 108 
114 144 142 92 108 
114 144 142 92 109 
114 144 142 93 109 
114 145 142 93 109 
114 145 143 93 109 
114 145 143 94 109 
114 145 143 95 109 
115 145 143 95 109 
115 145 144 95 109 
115 146 144 95 109 
115 147 144 95 109 
115 147 144 95 110 
115 147 144 95 111 
115 148 144 95 111 
115 148 144 96 111 
115 148 144 96 112 
115 148 144 97 112 
115 148 144 98 112 
115 148 145 98 112 
115 148 145 98 113 
115 149 145 98 113 
115 149 146 98 113 
115 150 146 98 113 
115 150 147 98 113 
116 150 147 98 113 
117 150 147 98 113 
117 150 147 99 113 
117 150 148 99 113 
117 150 148 100 113 
117 150 148 101 113 
117 150 149 101 113 
117 150 149 102 113 
117 150 149 103 113 
117 150 149 103 114 
117 151 149 103 114 
117 152 149 103 114 
117 152 149 104 114 
117 153 149 104 114 
117 154 149 104 114 
117 155 149 104 114 
117 155 149 105 114 
117 155 149 106 114 
118 155 149 106 114 
118 156 149 106 114 
119 156 149 106 114 
119 156 149 106 115 
119 156 150 106 115 
119 156 150 107 115 
119 156 150 107 116 
120 156 150 107 116 
120 157 150 107 116 
121 157 150 107 116 
121 157 150 108 116 
121 157 150 108 117 
121 157 150 108 118 