Top Jungle Mid Bot/Support Bot/Carry
0 0 1 0 0 
0 0 2 0 0 
0 1 2 0 0 
0 1 3 0 0 
0 1 3 0 1 
0 2 3 0 1 
1 2 3 0 1 
1 3 3 0 1 
1 4 3 0 1 
1 4 3 1 1 
1 4 4 1 1 
1 4 5 1 1 
1 4 6 1 1 
1 4 7 1 1 
1 4 8 1 1 
2 4 8 1 1 
2 4 8 2 1 
2 4 9 2 1 
2 4 10 2 1 
2 4 10 2 2 
2 4 10 2 3 
2 4 11 2 3 
2 4 11 2 4 
2 4 12 2 4 
2 4 12 2 5 
2 5 12 2 5 
2 6 12 2 5 
3 6 12 2 5 
3 6 13 2 5 
3 6 14 2 5 
4 6 14 2 5 
4 6 15 2 5 
4 6 15 3 5 
4 6 15 3 6 
4 6 15 4 6 
4 6 15 4 7 
4 6 16 4 7 
4 6 17 4 7 
5 6 17 4 7 
5 6 18 4 7 
5 7 18 4 7 
6 7 18 4 7 
6 7 19 4 7 
6 7 20 4 7 
6 7 20 4 8 
6 7 20 5 8 
6 7 20 5 9 
6 7 20 5 10 
6 7 21 5 10 
6 7 21 5 11 
6 7 21 6 11 
6 7 21 6 12 
6 8 21 6 12 
6 8 21 7 12 
6 8 21 8 12 
6 8 21 8 13 
6 8 21 9 13 
7 8 21 9 13 
7 8 22 9 13 
7 9 22 9 13 
7 9 22 10 13 
7 9 22 10 14 
7 10 22 10 14 
7 11 22 10 14 
8 11 22 10 14 
8 12 22 10 14 
9 12 22 10 14 
10 12 22 10 14 
10 12 22 10 15 
10 13 22 10 15 
10 13 22 10 16 
10 13 23 10 16 
10 13 23 10 17 
10 14 23 10 17 
10 14 23 11 17 
10 14 24 11 17 
10 14 25 11 17 
10 14 25 11 18 
11 14 25 11 18 
11 14 25 12 18 
12 14 25 12 18 
12 14 26 12 18 
12 14 27 12 18 
12 14 27 13 18 
12 14 28 13 18 
12 14 28 13 19 
12 14 28 13 20 
12 14 29 13 20 
13 14 29 13 20 
13 14 29 13 21 
13 14 30 13 21 
13 15 30 13 21 
13 16 30 13 21 
13 17 30 13 21 
13 18 30 13 21 
14 18 30 13 21 
14 19 30 13 21 
15 19 30 13 21 
15 19 30 13 22 
15 19 30 14 22 
15 20 30 14 22 
15 20 30 15 22 
16 20 30 15 22 
16 21 30 15 22 
17 21 30 15 22 
17 22 30 15 22 
17 22 30 16 22 
17 22 30 17 22 
17 22 30 17 23 
17 22 31 17 23 
17 22 32 17 23 
18 22 32 17 23 
18 23 32 17 23 
18 24 32 17 23 
19 24 32 17 23 
19 25 32 17 23 
19 25 32 17 24 
19 25 33 17 24 
20 25 33 17 24 
20 25 34 17 24 
20 25 34 18 24 
20 25 35 18 24 
20 25 35 18 25 
20 25 36 18 25 
21 25 36 18 25 
21 25 36 18 26 
21 25 36 18 27 
21 26 36 18 27 
21 27 36 18 27 
21 28 36 18 27 
21 28 36 19 27 
21 29 36 19 27 
22 29 36 19 27 
23 29 36 19 27 
23 29 37 19 27 
23 29 38 19 27 
23 30 38 19 27 
23 30 38 19 28 
23 31 38 19 28 
23 31 38 20 28 
23 32 38 20 28 
23 32 38 21 28 
23 32 38 21 29 
24 32 38 21 29 
24 32 38 21 30 
24 32 38 22 30 
24 32 38 23 30 
24 33 38 23 30 
24 33 38 23 31 
24 34 38 23 31 
24 35 38 23 31 
24 35 39 23 31 
24 35 39 24 31 
24 35 39 25 31 
24 35 40 25 31 
24 35 40 26 31 
24 36 40 26 31 
24 37 40 26 31 
25 37 40 26 31 
26 37 40 26 31 
26 37 41 26 31 
26 37 41 26 32 
27 37 41 26 32 
27 38 41 26 32 
27 38 42 26 32 
28 38 42 26 32 
29 38 42 26 32 
29 39 42 26 32 
29 39 42 27 32 
30 39 42 27 32 
30 39 43 27 32 
30 39 43 28 32 
31 39 43 28 32 
31 40 43 28 32 
31 40 43 29 32 
31 40 43 30 32 
31 40 43 30 33 
31 40 43 31 33 
31 40 43 32 33 
32 40 43 32 33 
32 40 43 33 33 
32 41 43 33 33 
32 41 43 34 33 
32 41 43 35 33 
33 41 43 35 33 
33 41 44 35 33 
33 41 45 35 33 
33 41 45 36 33 
33 41 45 37 33 
33 41 45 37 34 
33 41 45 38 34 
33 41 45 39 34 
33 41 45 40 34 
33 41 45 41 34 
33 41 45 41 35 
33 41 46 41 35 
33 41 47 41 35 
33 41 48 41 35 
33 42 48 41 35 
34 42 48 41 35 
34 43 48 41 35 
35 43 48 41 35 
35 43 48 41 36 
35 44 48 41 36 
35 44 48 41 37 
35 45 48 41 37 
35 46 48 41 37 
35 46 48 41 38 
36 46 48 41 38 
36 46 48 42 38 
36 47 48 42 38 
36 47 49 42 38 
36 47 50 42 38 
37 47 50 42 38 
38 47 50 42 38 
38 47 50 42 39 
38 47 51 42 39 
38 47 51 43 39 
38 47 51 44 39 
39 47 51 44 39 
39 47 52 44 39 
39 48 52 44 39 
39 48 52 45 39 
39 48 52 45 40 
39 49 52 45 40 
39 49 53 45 40 
39 49 53 45 41 
39 49 53 45 42 
39 49 53 45 43 
39 49 53 46 43 
40 49 53 46 43 
40 49 53 46 44 
40 49 53 46 45 
40 49 53 46 46 
40 49 54 46 46 
40 49 55 46 46 
40 49 56 46 46 
40 49 56 46 47 
40 50 56 46 47 
40 50 57 46 47 
40 50 58 46 47 
41 50 58 46 47 
41 50 59 46 47 
41 50 59 46 48 
41 51 59 46 48 
41 52 59 46 48 
41 52 59 46 49 
41 52 59 46 50 
42 52 59 46 50 
42 53 59 46 50 
42 53 59 47 50 
42 53 59 48 50 
42 53 60 48 50 
42 54 60 48 50 
42 55 60 48 50 
42 56 60 48 50 
42 56 60 49 50 
42 56 60 50 50 
42 56 61 50 50 
42 57 61 50 50 
42 58 61 50 50 
42 59 61 50 50 
43 59 61 50 50 
44 59 61 50 50 
44 59 62 50 50 
44 59 62 50 51 
44 60 62 50 51 
45 60 62 50 51 
45 60 62 50 52 
46 60 62 50 52 
46 60 63 50 52 
46 60 63 51 52 
46 60 64 51 52 
46 60 65 51 52 
46 60 66 51 52 
46 60 67 51 52 
46 60 68 51 52 
46 60 69 51 52 
46 60 69 51 53 
46 61 69 51 53 
46 61 69 51 54 
46 61 70 51 54 
46 61 71 51 54 
47 61 71 51 54 
47 62 71 51 54 
48 62 71 51 54 
48 62 71 51 55 
48 62 71 52 55 
48 62 71 52 56 
48 62 71 53 56 
49 62 71 53 56 
49 62 72 53 56 
50 62 72 53 56 
50 63 72 53 56 
50 64 72 53 56 
50 64 73 53 56 
50 65 73 53 56 
50 65 73 54 56 
50 65 73 54 57 
50 65 73 55 57 
50 66 73 55 57 
50 67 73 55 57 
50 68 73 55 57 
50 68 73 55 58 
50 68 74 55 58 
50 69 74 55 58 
50 69 74 56 58 
50 69 75 56 58 
51 69 75 56 58 
52 69 75 56 58 
52 69 75 56 59 
52 69 75 56 60 
52 70 75 56 60 
52 70 75 57 60 
52 71 75 57 60 
52 71 75 58 60 
52 71 75 58 61 
52 72 75 58 61 
52 72 76 58 61 
52 72 77 58 61 
52 72 77 58 62 
52 72 77 58 63 
52 72 77 59 63 
53 72 77 59 63 
53 72 78 59 63 
53 72 78 59 64 
54 72 78 59 64 
54 73 78 59 64 
54 73 78 60 64 
55 73 78 60 64 
55 73 78 61 64 
56 73 78 61 64 
56 73 79 61 64 
56 74 79 61 64 
56 74 79 61 65 
56 74 79 61 66 
56 74 80 61 66 
56 74 80 62 66 
57 74 80 62 66 
58 74 80 62 66 
58 74 80 63 66 
58 74 80 64 66 
59 74 80 64 66 
59 74 80 65 66 
59 74 81 65 66 
59 75 81 65 66 
59 75 82 65 66 
59 75 82 65 67 
59 75 83 65 67 
59 75 84 65 67 
59 75 84 65 68 
59 75 85 65 68 
59 75 85 65 69 
59 75 85 66 69 
59 76 85 66 69 
60 76 85 66 69 
60 77 85 66 69 
60 77 86 66 69 
60 77 87 66 69 
60 77 88 66 69 
60 77 89 66 69 
61 77 89 66 69 
61 78 89 66 69 
61 78 89 66 70 
61 79 89 66 70 
61 79 89 67 70 
61 79 89 68 70 
61 79 89 68 71 
61 79 89 68 72 
61 80 89 68 72 
61 80 90 68 72 
61 80 91 68 72 
61 81 91 68 72 
61 81 91 68 73 
62 81 91 68 73 
62 81 92 68 73 
62 81 92 68 74 
62 81 93 68 74 
62 81 93 69 74 
62 82 93 69 74 
63 82 93 69 74 
63 82 93 69 75 
63 83 93 69 75 
63 83 94 69 75 
64 83 94 69 75 
65 83 94 69 75 
66 83 94 69 75 
66 83 94 69 76 
66 83 95 69 76 
66 84 95 69 76 
67 84 95 69 76 
67 84 95 70 76 
67 84 95 71 76 
68 84 95 71 76 
68 84 95 71 77 
69 84 95 71 77 
69 84 96 71 77 
69 84 96 72 77 
69 84 96 72 78 
70 84 96 72 78 
70 84 97 72 78 
71 84 97 72 78 
71 85 97 72 78 
71 85 97 72 79 
71 85 98 72 79 
71 85 98 73 79 
71 85 99 73 79 
71 86 99 73 79 
71 87 99 73 79 
71 87 99 74 79 
71 87 99 74 80 
71 87 99 74 81 
71 88 99 74 81 
71 88 100 74 81 
71 88 100 75 81 
71 88 100 76 81 
71 89 100 76 81 
72 89 100 76 81 
73 89 100 76 81 
74 89 100 76 81 
74 89 100 77 81 
74 89 101 77 81 
75 89 101 77 81 
76 89 101 77 81 
76 89 101 77 82 
76 89 102 77 82 
77 89 102 77 82 
77 89 102 78 82 
77 89 102 78 83 
77 90 102 78 83 
77 90 102 78 84 
77 90 102 79 84 
77 90 102 79 85 
77 90 102 79 86 
77 90 103 79 86 
77 90 103 80 86 
78 90 103 80 86 
78 90 103 80 87 
78 90 103 81 87 
78 90 104 81 87 
78 91 104 81 87 
78 91 104 82 87 
79 91 104 82 87 
79 91 104 83 87 
79 91 104 83 88 
79 91 104 84 88 
79 92 104 84 88 
80 92 104 84 88 
80 92 104 84 89 
80 92 104 84 90 
80 92 104 84 91 
80 92 105 84 91 
80 93 105 84 91 
80 94 105 84 91 
80 94 105 84 92 
80 95 105 84 92 
81 95 105 84 92 
81 95 105 84 93 
81 95 105 84 94 
82 95 105 84 94 
82 95 106 84 94 
82 95 106 84 95 
82 95 107 84 95 
82 95 107 84 96 
82 95 108 84 96 
82 95 108 84 97 
82 95 108 84 98 
82 95 108 85 98 
82 95 108 85 99 
82 96 108 85 99 
82 96 108 86 99 
82 97 108 86 99 
83 97 108 86 99 
83 97 109 86 99 
84 97 109 86 99 
84 97 109 86 100 
85 97 109 86 100 
85 97 109 86 101 
85 97 109 87 101 
85 97 110 87 101 
85 97 111 87 101 
85 98 111 87 101 
85 98 111 87 102 
86 98 111 87 102 
87 98 111 87 102 
87 98 111 87 103 
88 98 111 87 103 
88 98 112 87 103 
88 98 112 88 103 
88 99 112 88 103 
89 99 112 88 103 
89 100 112 88 103 
90 100 112 88 103 
91 100 112 88 103 
91 100 113 88 103 
91 100 114 88 103 
92 100 114 88 103 
92 100 115 88 103 
93 100 115 88 103 
93 100 115 89 103 
93 100 116 89 103 
93 100 116 89 104 
93 100 116 89 105 
93 100 117 89 105 
93 100 117 89 106 
93 100 118 89 106 
93 100 119 89 106 
94 100 119 89 106 
94 101 119 89 106 
94 102 119 89 106 
95 102 119 89 106 
95 102 120 89 106 
95 103 120 89 106 
95 103 120 89 107 
95 103 120 90 107 
95 103 121 90 107 
95 104 121 90 107 
95 104 122 90 107 
95 105 122 90 107 
95 106 122 90 107 
95 106 122 91 107 
96 106 122 91 107 
96 106 122 92 107 
97 106 122 92 107 
97 106 122 93 107 
97 106 123 93 107 
97 106 124 93 107 
97 106 124 94 107 
97 107 124 94 107 
97 107 124 94 108 
97 108 124 94 108 
97 108 124 95 108 
98 108 124 95 108 
98 109 124 95 108 
99 109 124 95 108 
99 109 124 96 108 
99 109 124 96 109 
99 110 124 96 109 
99 111 124 96 109 
99 112 124 96 109 
100 112 124 96 109 
101 112 124 96 109 
102 112 124 96 109 
102 112 124 97 109 
103 112 124 97 109 
104 112 124 97 109 
104 113 124 97 109 
104 114 124 97 109 
104 114 124 98 109 
104 114 124 98 110 
105 114 124 98 110 