Top Jungle Mid Bot/Support Bot/Carry
0 0 1 0 0 
0 0 1 1 0 
0 0 1 1 1 
0 1 1 1 1 
1 1 1 1 1 
1 1 2 1 1 
1 1 2 1 2 
1 1 2 1 3 
1 1 2 1 4 
1 1 3 1 4 
1 2 3 1 4 
2 2 3 1 4 
2 2 3 2 4 
2 2 3 2 5 
2 2 3 2 6 
2 2 4 2 6 
2 2 5 2 6 
2 3 5 2 6 
2 3 5 3 6 
2 4 5 3 6 
2 4 5 4 6 
2 4 6 4 6 
2 4 7 4 6 
2 4 8 4 6 
3 4 8 4 6 
3 4 8 5 6 
3 4 9 5 6 
3 4 10 5 6 
3 4 10 6 6 
3 5 10 6 6 
3 6 10 6 6 
3 6 10 6 7 
3 7 10 6 7 
4 7 10 6 7 
4 7 10 6 8 
4 7 10 6 9 
4 7 11 6 9 
4 7 11 6 10 
5 7 11 6 10 
6 7 11 6 10 
6 7 11 7 10 
6 8 11 7 10 
7 8 11 7 10 
7 9 11 7 10 
7 9 11 8 10 
8 9 11 8 10 
8 10 11 8 10 
8 10 11 8 11 
9 10 11 8 11 
9 11 11 8 11 
9 12 11 8 11 
10 12 11 8 11 
10 13 11 8 11 
10 13 12 8 11 
10 14 12 8 11 
10 14 13 8 11 
10 14 14 8 11 
10 15 14 8 11 
10 15 15 8 11 
11 15 15 8 11 
11 15 15 8 12 
11 16 15 8 12 
11 16 16 8 12 
11 17 16 8 12 
11 18 16 8 12 
11 18 16 9 12 
11 19 16 9 12 
11 20 16 9 12 
11 20 16 10 12 
11 20 16 11 12 
11 21 16 11 12 
12 21 16 11 12 
12 21 17 11 12 
12 22 17 11 12 
12 22 18 11 12 
13 22 18 11 12 
13 22 19 11 12 
13 22 20 11 12 
13 23 20 11 12 
13 23 21 11 12 
13 23 22 11 12 
13 23 22 12 12 
13 23 23 12 12 
13 24 23 12 12 
13 24 23 13 12 
13 25 23 13 12 
13 25 23 13 13 
13 25 23 14 13 
14 25 23 14 13 
14 25 24 14 13 
15 25 24 14 13 
15 25 24 15 13 
15 25 25 15 13 
15 26 25 15 13 
15 27 25 15 13 
15 27 25 15 14 
15 27 25 15 15 
16 27 25 15 15 
17 27 25 15 15 
18 27 25 15 15 
18 28 25 15 15 
19 28 25 15 15 
19 29 25 15 15 
19 30 25 15 15 
19 30 25 15 16 
19 30 25 15 17 
19 30 25 16 17 
20 30 25 16 17 
21 30 25 16 17 
22 30 25 16 17 
22 30 25 17 17 
22 30 25 17 18 
22 30 25 18 18 
22 30 25 18 19 
22 30 26 18 19 
22 30 26 19 19 
23 30 26 19 19 
23 31 26 19 19 
23 32 26 19 19 
23 32 27 19 19 
23 32 27 20 19 
23 32 27 21 19 
23 32 27 22 19 
23 32 28 22 19 
24 32 28 22 19 
24 32 29 22 19 
24 32 29 22 20 
24 32 30 22 20 
24 32 30 22 21 
24 32 30 23 21 
25 32 30 23 21 
25 32 30 24 21 
25 32 30 25 21 
26 32 30 25 21 
26 32 30 25 22 
27 32 30 25 22 
27 32 31 25 22 
27 33 31 25 22 
27 33 32 25 22 
27 34 32 25 22 
27 34 32 25 23 
27 35 32 25 23 
28 35 32 25 23 
29 35 32 25 23 
29 35 32 26 23 
29 35 33 26 23 
29 36 33 26 23 
29 36 34 26 23 
29 37 34 26 23 
30 37 34 26 23 
30 37 34 27 23 
30 37 34 27 24 
30 37 35 27 24 
30 37 35 28 24 
31 37 35 28 24 
31 38 35 28 24 
32 38 35 28 24 
32 38 35 28 25 
32 39 35 28 25 
32 39 35 28 26 
32 39 36 28 26 
32 39 36 29 26 
32 39 36 29 27 
32 40 36 29 27 
32 41 36 29 27 
32 41 36 29 28 
32 41 37 29 28 
32 42 37 29 28 
32 43 37 29 28 
32 44 37 29 28 
32 45 37 29 28 
32 45 37 30 28 
32 45 38 30 28 
32 45 38 30 29 
32 46 38 30 29 
32 47 38 30 29 
32 47 39 30 29 
33 47 39 30 29 
33 47 40 30 29 
33 47 41 30 29 
33 48 41 30 29 
33 48 42 30 29 
33 48 42 31 29 
33 49 42 31 29 
33 49 42 31 30 
33 49 42 32 30 
33 50 42 32 30 
33 50 43 32 30 
33 50 44 32 30 
33 51 44 32 30 
33 51 44 32 31 
34 51 44 32 31 
34 51 44 33 31 
34 52 44 33 31 
35 52 44 33 31 
35 53 44 33 31 
35 54 44 33 31 
35 54 45 33 31 
35 54 46 33 31 
35 54 46 33 32 
36 54 46 33 32 
36 54 46 33 33 
36 54 46 34 33 
36 54 46 34 34 
37 54 46 34 34 
37 55 46 34 34 
37 56 46 34 34 
37 56 47 34 34 
37 56 47 35 34 
37 56 47 35 35 
37 56 47 36 35 
38 56 47 36 35 
38 57 47 36 35 
39 57 47 36 35 
39 57 47 37 35 
39 57 47 37 36 
40 57 47 37 36 
40 58 47 37 36 
40 58 48 37 36 
40 58 48 38 36 
40 59 48 38 36 
40 60 48 38 36 
40 60 48 39 36 
40 61 48 39 36 
41 61 48 39 36 
42 61 48 39 36 
42 62 48 39 36 
42 63 48 39 36 
42 63 48 39 37 
42 64 48 39 37 
42 65 48 39 37 
42 65 48 40 37 
42 65 48 41 37 
42 65 49 41 37 
42 65 49 42 37 
42 65 50 42 37 
42 65 50 42 38 
42 65 51 42 38 
42 65 52 42 38 
42 65 52 42 39 
42 65 52 42 40 
42 65 53 42 40 
42 65 54 42 40 
42 66 54 42 40 
43 66 54 42 40 
43 66 55 42 40 
43 66 56 42 40 
43 66 57 42 40 
43 66 57 42 41 
43 66 57 43 41 
43 66 58 43 41 
43 66 58 44 41 
43 66 58 44 42 
43 66 59 44 42 
43 67 59 44 42 
44 67 59 44 42 
45 67 59 44 42 
45 67 59 45 42 
45 67 60 45 42 
45 67 61 45 42 
45 67 61 46 42 
45 67 62 46 42 
45 67 62 46 43 
45 67 62 46 44 
45 67 62 46 45 
45 67 63 46 45 
46 67 63 46 45 
46 67 63 46 46 
47 67 63 46 46 
47 67 64 46 46 
48 67 64 46 46 
48 67 64 46 47 
48 67 64 46 48 
48 68 64 46 48 
48 68 65 46 48 
48 69 65 46 48 
48 69 65 47 48 
48 69 65 47 49 
48 69 66 47 49 
48 70 66 47 49 
48 70 67 47 49 
48 70 67 48 49 
49 70 67 48 49 
49 71 67 48 49 
49 71 67 49 49 
49 71 67 50 49 
49 71 67 51 49 
49 71 67 52 49 
49 72 67 52 49 
49 72 68 52 49 
49 72 68 53 49 
49 72 68 54 49 
49 72 68 55 49 
49 72 68 55 50 
49 72 68 55 51 
50 72 68 55 51 
51 72 68 55 51 
52 72 68 55 51 
52 72 68 55 52 
53 72 68 55 52 
53 72 68 56 52 
53 72 68 57 52 
54 72 68 57 52 
54 72 68 58 52 
54 72 69 58 52 
54 72 70 58 52 
54 72 71 58 52 
55 72 71 58 52 
56 72 71 58 52 
56 72 72 58 52 
57 72 72 58 52 
57 72 72 58 53 
57 73 72 58 53 
58 73 72 58 53 
58 74 72 58 53 
58 74 72 59 53 
58 74 72 59 54 
58 74 72 59 55 
58 74 73 59 55 
59 74 73 59 55 
59 74 74 59 55 
59 75 74 59 55 
59 75 75 59 55 
59 75 75 60 55 
59 76 75 60 55 
59 77 75 60 55 
59 77 76 60 55 
59 77 76 60 56 
59 78 76 60 56 
59 79 76 60 56 
60 79 76 60 56 
60 80 76 60 56 
60 80 76 60 57 
61 80 76 60 57 
61 80 76 61 57 
61 80 76 61 58 
61 81 76 61 58 
61 81 76 62 58 
62 81 76 62 58 
62 81 76 62 59 
62 81 76 62 60 