Top Jungle Mid Bot/Support Bot/Carry
0 1 0 0 0 
0 2 0 0 0 
0 3 0 0 0 
0 3 1 0 0 
0 4 1 0 0 
0 4 1 1 0 
0 5 1 1 0 
0 6 1 1 0 
0 6 1 2 0 
0 7 1 2 0 
0 7 2 2 0 
0 7 2 3 0 
0 8 2 3 0 
0 8 2 3 1 
0 8 3 3 1 
1 8 3 3 1 
1 8 4 3 1 
1 8 4 3 2 
1 8 4 3 3 
1 8 5 3 3 
2 8 5 3 3 
3 8 5 3 3 
3 9 5 3 3 
3 10 5 3 3 
3 10 6 3 3 
3 10 7 3 3 
3 10 8 3 3 
3 10 8 3 4 
3 11 8 3 4 
3 11 8 3 5 
4 11 8 3 5 
4 11 8 3 6 
5 11 8 3 6 
5 11 9 3 6 
5 11 10 3 6 
5 11 10 4 6 
5 11 10 4 7 
5 11 10 5 7 
5 11 10 5 8 
6 11 10 5 8 
7 11 10 5 8 
7 12 10 5 8 
7 12 11 5 8 
7 12 12 5 8 
7 12 12 6 8 
7 12 13 6 8 
8 12 13 6 8 
8 12 14 6 8 
8 12 15 6 8 
8 12 16 6 8 
8 13 16 6 8 
9 13 16 6 8 
9 13 16 6 9 
9 13 17 6 9 
10 13 17 6 9 
10 13 17 6 10 
10 14 17 6 10 
10 15 17 6 10 
10 16 17 6 10 
10 16 18 6 10 
11 16 18 6 10 
11 16 19 6 10 
11 16 19 6 11 
11 16 19 6 12 
11 16 20 6 12 
11 17 20 6 12 
11 17 20 7 12 
11 17 20 8 12 
11 17 20 9 12 
12 17 20 9 12 
12 18 20 9 12 
12 19 20 9 12 
12 19 21 9 12 
12 19 21 9 13 
13 19 21 9 13 
13 19 22 9 13 
13 20 22 9 13 
13 20 22 9 14 
14 20 22 9 14 
15 20 22 9 14 
15 21 22 9 14 
16 21 22 9 14 
16 21 23 9 14 
17 21 23 9 14 
18 21 23 9 14 
18 21 24 9 14 
18 21 24 9 15 
18 22 24 9 15 
18 23 24 9 15 
18 23 25 9 15 
18 24 25 9 15 
18 24 26 9 15 
18 24 27 9 15 
18 24 28 9 15 
19 24 28 9 15 
19 24 28 10 15 
19 24 28 10 16 
19 24 28 10 17 
19 24 28 11 17 
19 25 28 11 17 
20 25 28 11 17 
21 25 28 11 17 
21 26 28 11 17 
21 26 28 11 18 
21 26 28 12 18 
21 26 28 12 19 
21 26 28 12 20 
22 26 28 12 20 
22 26 28 13 20 
22 26 28 14 20 
23 26 28 14 20 
23 26 29 14 20 
23 27 29 14 20 
23 27 30 14 20 
23 27 31 14 20 
23 27 31 15 20 
23 27 32 15 20 
23 27 32 15 21 
23 28 32 15 21 
24 28 32 15 21 
25 28 32 15 21 
25 28 33 15 21 
25 29 33 15 21 
25 29 33 16 21 
25 29 33 17 21 
26 29 33 17 21 
27 29 33 17 21 
27 29 33 17 22 
27 29 33 17 23 
28 29 33 17 23 
29 29 33 17 23 
30 29 33 17 23 
30 29 34 17 23 
31 29 34 17 23 
31 29 35 17 23 
31 29 35 17 24 
31 29 35 17 25 
31 29 35 17 26 
32 29 35 17 26 
32 29 35 18 26 
32 29 35 18 27 
33 29 35 18 27 
33 30 35 18 27 
33 31 35 18 27 
34 31 35 18 27 
34 31 36 18 27 
34 32 36 18 27 
34 33 36 18 27 
34 33 36 18 28 
34 34 36 18 28 
35 34 36 18 28 
36 34 36 18 28 
36 34 36 18 29 
36 35 36 18 29 
36 36 36 18 29 
36 36 37 18 29 
36 36 38 18 29 
36 37 38 18 29 
37 37 38 18 29 
37 37 38 19 29 
37 38 38 19 29 
37 38 38 19 30 
37 38 39 19 30 
37 38 40 19 30 
37 39 40 19 30 
38 39 40 19 30 
38 39 41 19 30 
38 39 41 20 30 
38 39 42 20 30 
38 39 43 20 30 
38 40 43 20 30 
39 40 43 20 30 
40 40 43 20 30 
40 40 43 21 30 
41 40 43 21 30 
41 40 43 21 31 
41 40 43 22 31 
42 40 43 22 31 
42 40 43 22 32 
42 40 44 22 32 
42 40 44 22 33 
42 41 44 22 33 
42 41 44 23 33 
42 41 44 24 33 
42 41 45 24 33 
43 41 45 24 33 
43 42 45 24 33 
43 42 46 24 33 
43 42 47 24 33 
43 42 48 24 33 
43 42 48 24 34 
43 42 48 24 35 
43 42 48 25 35 
43 43 48 25 35 
43 43 49 25 35 
44 43 49 25 35 
44 43 50 25 35 
44 44 50 25 35 
44 44 50 26 35 
45 44 50 26 35 
46 44 50 26 35 
46 45 50 26 35 
46 46 50 26 35 
46 47 50 26 35 
46 47 51 26 35 
47 47 51 26 35 
47 47 52 26 35 
47 47 53 26 35 
47 47 53 27 35 
47 47 53 27 36 
47 48 53 27 36 
47 48 53 28 36 
47 49 53 28 36 
47 49 54 28 36 
48 49 54 28 36 
49 49 54 28 36 
49 49 54 28 37 
49 49 54 29 37 
49 50 54 29 37 
49 50 54 29 38 
49 50 54 29 39 
49 51 54 29 39 
49 52 54 29 39 
49 52 54 30 39 
49 52 54 31 39 
49 52 54 32 39 
49 53 54 32 39 
50 53 54 32 39 
50 53 54 32 40 
50 53 55 32 40 
50 53 56 32 40 
51 53 56 32 40 
51 53 56 33 40 
51 53 57 33 40 
51 53 58 33 40 
52 53 58 33 40 
52 54 58 33 40 
52 54 59 33 40 
52 54 60 33 40 
52 54 61 33 40 
52 55 61 33 40 
52 55 61 34 40 
52 55 61 35 40 
52 55 61 36 40 
53 55 61 36 40 
53 56 61 36 40 
53 56 61 37 40 
53 56 61 38 40 
53 56 61 38 41 
53 57 61 38 41 
53 57 61 38 42 
53 57 62 38 42 
54 57 62 38 42 
54 57 62 38 43 
54 57 63 38 43 
54 57 63 39 43 
55 57 63 39 43 
55 57 63 39 44 
55 57 63 39 45 
55 57 64 39 45 
55 57 65 39 45 
55 57 66 39 45 
55 57 66 39 46 
55 58 66 39 46 
55 58 66 40 46 
55 58 67 40 46 
55 59 67 40 46 
55 59 68 40 46 
55 59 68 41 46 
56 59 68 41 46 
56 59 69 41 46 
56 60 69 41 46 
56 60 69 42 46 
56 60 69 42 47 
56 60 70 42 47 
57 60 70 42 47 
58 60 70 42 47 
58 60 70 43 47 
58 60 70 44 47 
58 60 71 44 47 
58 60 71 44 48 
58 61 71 44 48 
58 62 71 44 48 
58 63 71 44 48 
58 63 72 44 48 
58 63 72 45 48 
58 64 72 45 48 
58 64 73 45 48 
58 65 73 45 48 
58 65 73 46 48 
58 65 73 46 49 
58 66 73 46 49 
58 67 73 46 49 
58 68 73 46 49 
58 68 73 46 50 
58 68 74 46 50 
58 68 74 47 50 
58 69 74 47 50 
58 70 74 47 50 
58 71 74 47 50 
58 71 74 48 50 
58 71 75 48 50 
58 71 75 49 50 
58 71 75 49 51 
58 71 76 49 51 
58 71 76 49 52 
58 72 76 49 52 
58 73 76 49 52 
58 73 76 49 53 
58 73 76 49 54 
58 73 77 49 54 
59 73 77 49 54 
59 73 77 50 54 
59 74 77 50 54 
59 74 77 51 54 
59 74 78 51 54 
59 74 79 51 54 
59 75 79 51 54 
59 75 79 52 54 
59 75 79 53 54 
59 75 80 53 54 
59 75 80 54 54 
60 75 80 54 54 
60 75 80 55 54 
60 75 80 56 54 
60 75 80 57 54 
60 76 80 57 54 
60 77 80 57 54 
60 77 80 57 55 
60 78 80 57 55 
60 78 80 58 55 
60 78 80 59 55 
60 78 80 59 56 
60 78 81 59 56 
60 79 81 59 56 
60 79 81 60 56 
60 79 81 61 56 
61 79 81 61 56 
61 79 81 62 56 
61 80 81 62 56 
61 81 81 62 56 
61 82 81 62 56 
61 82 82 62 56 
62 82 82 62 56 
63 82 82 62 56 
64 82 82 62 56 
64 82 82 62 57 
64 82 82 62 58 
64 82 82 63 58 
64 82 83 63 58 
64 82 84 63 58 
64 82 84 63 59 
65 82 84 63 59 
65 82 84 64 59 
65 83 84 64 59 
65 84 84 64 59 
65 84 84 65 59 
65 84 84 66 59 
65 84 85 66 59 
65 84 85 66 60 
65 85 85 66 60 
65 85 85 67 60 
65 85 85 67 61 
65 86 85 67 61 
65 86 85 68 61 
65 86 85 68 62 
66 86 85 68 62 
66 86 86 68 62 
66 86 86 69 62 
66 86 86 70 62 
66 86 86 70 63 
66 86 86 71 63 
66 86 87 71 63 
66 86 87 71 64 
66 86 87 72 64 
66 86 88 72 64 
66 86 89 72 64 
67 86 89 72 64 
67 86 89 72 65 
68 86 89 72 65 
68 87 89 72 65 
68 87 89 72 66 
68 87 89 73 66 
68 87 89 73 67 
68 87 89 74 67 
68 87 90 74 67 
68 87 90 75 67 
68 87 90 76 67 
69 87 90 76 67 
70 87 90 76 67 
70 87 91 76 67 
70 88 91 76 67 
70 89 91 76 67 
70 90 91 76 67 
70 91 91 76 67 
70 91 91 77 67 
70 91 91 78 67 
71 91 91 78 67 
72 91 91 78 67 
72 91 92 78 67 
72 92 92 78 67 
73 92 92 78 67 
74 92 92 78 67 
74 92 92 79 67 
74 93 92 79 67 
74 94 92 79 67 
74 95 92 79 67 
74 95 92 79 68 
74 95 92 80 68 
74 95 93 80 68 
75 95 93 80 68 
75 95 93 80 69 
76 95 93 80 69 
76 95 94 80 69 
77 95 94 80 69 
77 95 95 80 69 
78 95 95 80 69 
79 95 95 80 69 
79 95 95 80 70 
80 95 95 80 70 
80 95 96 80 70 
80 95 96 80 71 
81 95 96 80 71 
81 96 96 80 71 
81 96 96 81 71 
81 96 96 81 72 
81 97 96 81 72 
81 97 96 82 72 
81 98 96 82 72 
81 98 97 82 72 
82 98 97 82 72 
82 98 97 83 72 
82 98 98 83 72 
82 98 99 83 72 
82 98 99 84 72 
82 98 99 84 73 
82 99 99 84 73 
82 99 100 84 73 
82 99 101 84 73 
82 99 102 84 73 
82 99 102 85 73 
82 99 102 86 73 
82 100 102 86 73 
82 101 102 86 73 
82 101 103 86 73 
83 101 103 86 73 
83 102 103 86 73 
83 102 103 86 74 
83 102 103 86 75 
83 102 104 86 75 
84 102 104 86 75 
84 102 104 87 75 
84 103 104 87 75 
84 103 105 87 75 
85 103 105 87 75 
85 103 106 87 75 
85 103 106 87 76 
85 103 106 87 77 
85 103 106 88 77 
86 103 106 88 77 
87 103 106 88 77 
88 103 106 88 77 
88 104 106 88 77 
89 104 106 88 77 
89 105 106 88 77 
89 105 107 88 77 
89 106 107 88 77 
89 107 107 88 77 
89 107 107 89 77 
89 107 107 90 77 
89 108 107 90 77 
89 109 107 90 77 
89 110 107 90 77 
90 110 107 90 77 
90 110 107 91 77 
90 111 107 91 77 
90 111 107 91 78 
91 111 107 91 78 
91 111 108 91 78 
91 112 108 91 78 
92 112 108 91 78 
92 112 109 91 78 
93 112 109 91 78 
94 112 109 91 78 
94 112 110 91 78 
94 113 110 91 78 
94 113 110 92 78 
94 113 110 92 79 
94 113 110 93 79 
95 113 110 93 79 
95 114 110 93 79 
96 114 110 93 79 
96 114 110 94 79 
96 114 110 95 79 
96 114 110 96 79 
96 114 111 96 79 
96 114 111 97 79 
96 114 111 97 80 
97 114 111 97 80 
97 114 112 97 80 
97 114 113 97 80 
97 114 113 98 80 
97 115 113 98 80 
97 115 114 98 80 
97 115 114 99 80 
97 116 114 99 80 
97 116 114 99 81 
97 116 114 99 82 
97 116 115 99 82 
97 116 115 99 83 
97 116 115 99 84 
97 116 115 100 84 
97 116 116 100 84 
98 116 116 100 84 
98 117 116 100 84 
99 117 116 100 84 
100 117 116 100 84 
100 117 116 100 85 
100 117 117 100 85 
100 118 117 100 85 
100 119 117 100 85 
100 119 117 100 86 
100 119 117 100 87 
100 119 117 100 88 
100 120 117 100 88 
101 120 117 100 88 
101 120 117 101 88 
101 120 118 101 88 
102 120 118 101 88 
102 121 118 101 88 
102 121 118 101 89 
102 122 118 101 89 
102 122 119 101 89 
102 123 119 101 89 
102 123 120 101 89 
103 123 120 101 89 
103 123 121 101 89 
103 123 122 101 89 
103 124 122 101 89 
103 124 122 101 90 
103 124 122 101 91 
103 124 122 101 92 
103 124 122 101 93 
103 124 122 101 94 
103 124 122 101 95 
103 124 123 101 95 
103 124 123 102 95 
103 124 123 103 95 
103 124 123 104 95 
103 125 123 104 95 
103 125 123 104 96 
103 125 123 104 97 
103 126 123 104 97 
104 126 123 104 97 
104 126 123 104 98 
105 126 123 104 98 
105 126 124 104 98 
105 126 125 104 98 
105 127 125 104 98 
106 127 125 104 98 
106 128 125 104 98 
107 128 125 104 98 
107 128 126 104 98 
107 128 127 104 98 
107 128 128 104 98 
107 129 128 104 98 
108 129 128 104 98 
109 129 128 104 98 
109 129 129 104 98 
109 129 130 104 98 
110 129 130 104 98 
111 129 130 104 98 
111 129 131 104 98 
111 130 131 104 98 
111 130 131 104 99 
111 131 131 104 99 
111 131 131 105 99 
111 132 131 105 99 
111 132 131 106 99 
111 132 131 106 100 
111 133 131 106 100 
111 133 131 106 101 
111 133 131 107 101 
111 133 131 107 102 
111 134 131 107 102 
111 135 131 107 102 
111 135 132 107 102 
111 135 132 108 102 
111 136 132 108 102 
112 136 132 108 102 
112 137 132 108 102 
112 138 132 108 102 
113 138 132 108 102 
114 138 132 108 102 
114 138 133 108 102 
114 138 134 108 102 
114 138 134 109 102 
114 138 134 109 103 
114 139 134 109 103 
114 139 134 109 104 
114 139 134 110 104 
114 139 134 110 105 
114 139 135 110 105 
115 139 135 110 105 
116 139 135 110 105 
116 140 135 110 105 
116 140 136 110 105 
116 141 136 110 105 
116 141 137 110 105 
117 141 137 110 105 
117 141 137 110 106 
117 142 137 110 106 
117 142 138 110 106 
118 142 138 110 106 
118 142 138 110 107 
118 142 138 110 108 
118 142 138 111 108 
118 142 138 111 109 
119 142 138 111 109 
119 143 138 111 109 
120 143 138 111 109 
120 143 139 111 109 
121 143 139 111 109 
121 143 139 112 109 
121 144 139 112 109 
121 144 139 113 109 
121 144 139 114 109 
121 144 140 114 109 
121 144 141 114 109 
121 144 142 114 109 
121 144 142 115 109 
121 144 142 116 109 
121 145 142 116 109 
121 145 142 116 110 
121 145 142 116 111 
121 145 142 117 111 
122 145 142 117 111 
123 145 142 117 111 
123 145 143 117 111 
123 145 143 117 112 
124 145 143 117 112 
124 145 143 118 112 
125 145 143 118 112 
125 145 143 119 112 
125 145 144 119 112 
125 146 144 119 112 
125 147 144 119 112 
125 148 144 119 112 
126 148 144 119 112 
126 148 144 119 113 
126 149 144 119 113 
126 149 144 120 113 
126 150 144 120 113 
126 150 145 120 113 
127 150 145 120 113 
127 150 146 120 113 
127 150 147 120 113 
128 150 147 120 113 
129 150 147 120 113 
129 150 147 121 113 
129 151 147 121 113 
129 151 147 121 114 
130 151 147 121 114 
130 151 148 121 114 
130 151 149 121 114 
130 151 150 121 114 
130 152 150 121 114 
131 152 150 121 114 
131 153 150 121 114 
131 153 150 122 114 
131 153 150 122 115 
132 153 150 122 115 
132 153 150 123 115 
132 153 150 124 115 
132 153 150 124 116 
133 153 150 124 116 
133 153 150 124 117 
133 154 150 124 117 
133 154 150 125 117 
133 154 151 125 117 
133 155 151 125 117 
133 155 151 125 118 
133 156 151 125 118 
133 156 151 126 118 
134 156 151 126 118 
134 157 151 126 118 
134 157 151 126 119 
134 157 151 127 119 
134 157 152 127 119 
134 157 152 128 119 
135 157 152 128 119 
135 157 152 128 120 
135 157 153 128 120 
135 158 153 128 120 
136 158 153 128 120 
136 158 153 128 121 
136 158 153 129 121 
136 158 153 130 121 
136 159 153 130 121 
136 159 154 130 121 
137 159 154 130 121 
137 159 154 130 122 
137 159 155 130 122 
137 160 155 130 122 
137 160 155 131 122 
137 160 156 131 122 
138 160 156 131 122 
138 160 157 131 122 
138 160 157 132 122 
138 160 158 132 122 
138 160 158 133 122 
139 160 158 133 122 
139 161 158 133 122 
139 161 159 133 122 
140 161 159 133 122 
140 161 159 133 123 
140 162 159 133 123 
141 162 159 133 123 
142 162 159 133 123 
143 162 159 133 123 
143 162 159 134 123 
143 162 159 135 123 
144 162 159 135 123 
144 162 159 135 124 
144 162 159 136 124 
144 162 159 137 124 
144 163 159 137 124 
144 163 159 138 124 
144 164 159 138 124 
144 164 160 138 124 
144 164 160 138 125 
145 164 160 138 125 
145 165 160 138 125 
145 165 160 139 125 
145 165 161 139 125 
146 165 161 139 125 
146 166 161 139 125 
146 166 162 139 125 
146 166 162 139 126 
146 167 162 139 126 
146 167 162 140 126 
146 167 163 140 126 
146 167 163 140 127 
146 167 163 141 127 
146 167 163 141 128 
147 167 163 141 128 
147 168 163 141 128 
147 169 163 141 128 
148 169 163 141 128 
148 170 163 141 128 
148 171 163 141 128 
148 172 163 141 128 
148 173 163 141 128 
148 173 164 141 128 
149 173 164 141 128 
149 173 165 141 128 
149 173 166 141 128 
149 174 166 141 128 
149 174 167 141 128 
149 174 168 141 128 
149 174 168 141 129 
149 174 169 141 129 
149 174 169 142 129 
149 175 169 142 129 
150 175 169 142 129 
150 175 169 142 130 
150 176 169 142 130 
150 176 170 142 130 
150 176 170 142 131 
150 176 170 142 132 
150 176 170 142 133 
150 176 170 143 133 
150 176 170 143 134 
150 177 170 143 134 
151 177 170 143 134 
151 177 170 144 134 
151 177 170 144 135 
151 177 170 145 135 
151 177 170 145 136 
151 177 170 146 136 
151 177 170 147 136 
151 177 170 148 136 
152 177 170 148 136 
152 177 171 148 136 
152 177 171 149 136 
152 177 172 149 136 
152 177 173 149 136 
152 177 173 149 137 
153 177 173 149 137 
154 177 173 149 137 
154 177 174 149 137 
154 177 174 149 138 
154 178 174 149 138 
154 178 174 149 139 
154 179 174 149 139 
154 179 174 149 140 
154 179 174 149 141 
154 180 174 149 141 
154 180 174 149 142 
154 180 174 149 143 
154 180 174 150 143 
154 181 174 150 143 
154 182 174 150 143 
154 182 175 150 143 
154 182 176 150 143 
154 182 176 151 143 
154 182 176 152 143 
154 182 176 153 143 
155 182 176 153 143 
155 182 176 154 143 
156 182 176 154 143 
156 182 177 154 143 
157 182 177 154 143 
157 182 177 154 144 
157 183 177 154 144 
157 183 177 154 145 
157 183 178 154 145 
157 183 179 154 145 
157 184 179 154 145 
157 184 180 154 145 
157 184 180 154 146 
157 184 180 154 147 
157 184 180 155 147 
157 184 180 156 147 
157 184 181 156 147 
157 184 181 157 147 
157 184 181 157 148 
157 184 181 157 149 
157 184 181 158 149 
157 185 181 158 149 
158 185 181 158 149 
158 185 181 159 149 
158 185 181 159 150 
158 186 181 159 150 
159 186 181 159 150 
159 186 181 160 150 
159 187 181 160 150 
159 187 182 160 150 
159 187 182 161 150 
159 187 182 162 150 
159 187 182 163 150 
160 187 182 163 150 
160 188 182 163 150 
161 188 182 163 150 
161 188 182 163 151 
161 188 183 163 151 
161 188 183 163 152 
161 188 183 163 153 
161 188 184 163 153 
161 188 185 163 153 
161 188 186 163 153 
161 189 186 163 153 
161 190 186 163 153 
161 190 187 163 153 
161 190 188 163 153 
161 191 188 163 153 
161 191 189 163 153 
161 191 190 163 153 
161 191 190 164 153 
161 191 191 164 153 
161 191 191 165 153 
161 191 192 165 153 
162 191 192 165 153 
163 191 192 165 153 
163 192 192 165 153 
163 193 192 165 153 
163 193 192 166 153 
163 194 192 166 153 
163 195 192 166 153 
163 196 192 166 153 
163 196 193 166 153 
163 196 193 166 154 
163 196 193 167 154 
163 196 193 168 154 
164 196 193 168 154 
165 196 193 168 154 
166 196 193 168 154 
167 196 193 168 154 
167 196 194 168 154 
168 196 194 168 154 
169 196 194 168 154 
169 196 194 169 154 
169 196 194 170 154 
169 196 194 171 154 
169 196 195 171 154 
169 196 195 172 154 
169 196 195 172 155 
169 196 195 172 156 
169 197 195 172 156 
169 198 195 172 156 
169 198 196 172 156 
169 198 197 172 156 
169 198 198 172 156 
169 199 198 172 156 
169 199 199 172 156 
169 199 199 172 157 
169 199 199 173 157 
169 200 199 173 157 
169 201 199 173 157 
169 201 199 174 157 
169 201 200 174 157 
169 202 200 174 157 
169 202 201 174 157 
170 202 201 174 157 
170 202 202 174 157 
170 202 202 175 157 
170 202 202 175 158 
170 202 203 175 158 
171 202 203 175 158 
171 202 204 175 158 
172 202 204 175 158 
172 202 205 175 158 
172 202 206 175 158 
172 202 206 175 159 
172 203 206 175 159 
172 203 207 175 159 
172 203 208 175 159 
172 203 208 175 160 
173 203 208 175 160 
173 203 208 175 161 
173 203 208 175 162 
173 204 208 175 162 
173 204 208 175 163 
173 204 208 176 163 
173 205 208 176 163 
173 205 209 176 163 
173 205 209 177 163 
173 205 210 177 163 
173 206 210 177 163 
173 206 210 177 164 
174 206 210 177 164 
174 206 210 178 164 
174 206 210 178 165 
174 206 210 179 165 
174 207 210 179 165 
174 207 210 180 165 
174 207 210 180 166 
174 208 210 180 166 
175 208 210 180 166 
175 208 211 180 166 
175 209 211 180 166 
175 209 211 181 166 
175 209 211 182 166 
175 209 212 182 166 
175 209 212 182 167 
176 209 212 182 167 
176 209 212 182 168 
176 209 213 182 168 
176 210 213 182 168 
177 210 213 182 168 
177 210 214 182 168 
177 210 215 182 168 
177 210 215 183 168 
177 210 216 183 168 
177 210 216 184 168 
177 210 216 185 168 
177 211 216 185 168 
177 212 216 185 168 
177 213 216 185 168 
177 213 216 186 168 
177 213 216 187 168 
178 213 216 187 168 
178 214 216 187 168 
178 214 217 187 168 
179 214 217 187 168 
179 215 217 187 168 
179 215 218 187 168 
179 215 218 187 169 
179 216 218 187 169 
179 216 218 188 169 
179 216 218 189 169 
180 216 218 189 169 
180 216 218 190 169 
180 217 218 190 169 
181 217 218 190 169 
181 217 219 190 169 
181 217 220 190 169 
181 217 220 190 170 
181 218 220 190 170 
181 218 220 190 171 
181 219 220 190 171 
181 220 220 190 171 
181 221 220 190 171 
181 222 220 190 171 
181 222 221 190 171 
182 222 221 190 171 
182 222 221 190 172 
182 223 221 190 172 
182 224 221 190 172 
182 224 222 190 172 
182 224 222 190 173 
183 224 222 190 173 
183 224 223 190 173 
184 224 223 190 173 
184 224 223 190 174 
185 224 223 190 174 
185 224 224 190 174 
185 224 224 190 175 
185 224 224 191 175 
185 225 224 191 175 
185 225 225 191 175 
185 225 226 191 175 
186 225 226 191 175 
186 225 226 192 175 
186 225 226 193 175 
187 225 226 193 175 
187 225 226 193 176 
187 225 226 193 177 
187 226 226 193 177 
187 226 226 194 177 
187 226 226 195 177 
187 226 226 196 177 
187 227 226 196 177 
187 227 226 196 178 
187 227 227 196 178 
187 227 227 196 179 
187 227 227 196 180 
187 227 228 196 180 
187 227 229 196 180 
187 227 229 197 180 
187 228 229 197 180 
187 228 229 198 180 
187 229 229 198 180 
187 230 229 198 180 
187 230 230 198 180 
187 230 231 198 180 
188 230 231 198 180 
188 231 231 198 180 
188 231 231 198 181 
188 231 231 198 182 
188 232 231 198 182 
188 232 231 198 183 
188 232 232 198 183 
188 232 232 198 184 
188 233 232 198 184 
189 233 232 198 184 
189 233 233 198 184 
190 233 233 198 184 
190 234 233 198 184 
190 234 233 199 184 
190 234 233 199 185 
191 234 233 199 185 
192 234 233 199 185 
192 234 234 199 185 
192 235 234 199 185 