Top Jungle Mid Bot/Support Bot/Carry
0 1 0 0 0 
0 2 0 0 0 
0 2 0 1 0 
0 2 0 2 0 
0 3 0 2 0 
0 4 0 2 0 
0 4 0 2 1 
0 5 0 2 1 
1 5 0 2 1 
1 5 1 2 1 
1 5 1 3 1 
1 5 2 3 1 
1 5 2 4 1 
1 5 2 5 1 
1 6 2 5 1 
1 6 3 5 1 
1 6 4 5 1 
1 6 5 5 1 
1 7 5 5 1 
1 7 5 5 2 
2 7 5 5 2 
2 7 6 5 2 
2 7 6 6 2 
2 7 6 7 2 
2 7 6 7 3 
3 7 6 7 3 
3 8 6 7 3 
3 9 6 7 3 
3 10 6 7 3 
4 10 6 7 3 
4 10 7 7 3 
5 10 7 7 3 
6 10 7 7 3 
7 10 7 7 3 
7 10 7 8 3 
7 11 7 8 3 
7 11 8 8 3 
7 11 8 9 3 
7 11 9 9 3 
8 11 9 9 3 
8 11 9 9 4 
9 11 9 9 4 
9 11 9 9 5 
9 11 9 9 6 
9 11 9 10 6 
10 11 9 10 6 
10 11 9 11 6 
10 11 10 11 6 
10 12 10 11 6 
10 13 10 11 6 
10 13 10 12 6 
10 14 10 12 6 
10 14 10 12 7 
11 14 10 12 7 
11 14 10 12 8 
11 14 10 13 8 
11 15 10 13 8 
11 15 10 13 9 
12 15 10 13 9 
12 15 11 13 9 
12 15 11 14 9 
13 15 11 14 9 
14 15 11 14 9 
14 15 11 14 10 
14 16 11 14 10 
15 16 11 14 10 
15 16 11 15 10 
15 16 11 16 10 
15 16 11 16 11 
15 16 11 16 12 
15 16 12 16 12 
15 16 12 17 12 
15 16 12 17 13 
15 16 13 17 13 
16 16 13 17 13 
16 16 14 17 13 
17 16 14 17 13 
17 16 15 17 13 
17 16 16 17 13 
17 16 16 18 13 
17 16 16 19 13 
18 16 16 19 13 
18 17 16 19 13 
18 17 16 19 14 
18 18 16 19 14 
19 18 16 19 14 
19 18 16 20 14 
19 18 17 20 14 
19 18 17 21 14 
19 19 17 21 14 
19 19 18 21 14 
19 19 19 21 14 
19 19 19 22 14 
19 19 19 22 15 
19 20 19 22 15 
19 20 19 22 16 
19 21 19 22 16 
19 21 19 22 17 
20 21 19 22 17 
20 21 19 22 18 
20 22 19 22 18 
20 22 20 22 18 
21 22 20 22 18 
21 23 20 22 18 
22 23 20 22 18 
22 23 21 22 18 
22 23 21 22 19 
22 24 21 22 19 
22 24 22 22 19 
22 24 22 23 19 
23 24 22 23 19 
23 24 23 23 19 
23 25 23 23 19 
23 26 23 23 19 
23 27 23 23 19 
24 27 23 23 19 
24 28 23 23 19 
24 28 24 23 19 
25 28 24 23 19 
26 28 24 23 19 
26 28 24 24 19 
26 28 25 24 19 
26 28 25 25 19 
26 28 26 25 19 
27 28 26 25 19 
28 28 26 25 19 
29 28 26 25 19 
29 28 27 25 19 
29 28 27 26 19 
30 28 27 26 19 
30 29 27 26 19 
30 29 28 26 19 
30 29 28 27 19 
30 29 28 27 20 
30 29 29 27 20 
30 30 29 27 20 
30 30 30 27 20 
30 30 30 27 21 
30 30 31 27 21 
30 31 31 27 21 
31 31 31 27 21 
31 31 31 28 21 
31 32 31 28 21 
31 32 31 28 22 
31 33 31 28 22 
31 34 31 28 22 
31 34 31 28 23 
31 35 31 28 23 
32 35 31 28 23 
32 35 32 28 23 
32 35 32 29 23 
32 36 32 29 23 
32 37 32 29 23 
32 37 33 29 23 
33 37 33 29 23 
34 37 33 29 23 
34 37 34 29 23 
34 38 34 29 23 
34 38 34 30 23 
34 38 35 30 23 
35 38 35 30 23 
35 38 36 30 23 
35 38 37 30 23 
35 39 37 30 23 
35 39 37 30 24 
35 39 38 30 24 
35 40 38 30 24 
35 40 38 30 25 
35 40 38 31 25 
36 40 38 31 25 
36 40 38 31 26 
37 40 38 31 26 
37 40 39 31 26 
37 41 39 31 26 
37 41 39 31 27 
37 41 39 32 27 
37 41 40 32 27 
37 41 40 32 28 
37 41 40 33 28 
37 41 40 33 29 
38 41 40 33 29 
38 42 40 33 29 
39 42 40 33 29 
39 42 40 33 30 
39 42 40 34 30 
39 42 40 35 30 
39 43 40 35 30 
39 44 40 35 30 
39 44 41 35 30 
39 44 41 36 30 
39 44 41 37 30 
40 44 41 37 30 
40 44 42 37 30 
40 45 42 37 30 
40 46 42 37 30 
40 46 42 37 31 
40 47 42 37 31 
40 47 42 37 32 
40 48 42 37 32 
40 48 43 37 32 
40 48 44 37 32 
40 48 44 37 33 
40 48 45 37 33 
40 48 46 37 33 
40 49 46 37 33 
40 49 46 37 34 
40 50 46 37 34 
40 50 46 37 35 
40 50 46 38 35 
41 50 46 38 35 
42 50 46 38 35 
42 50 46 38 36 
42 50 47 38 36 
42 50 48 38 36 
42 50 48 39 36 
42 50 49 39 36 
42 50 49 39 37 
43 50 49 39 37 
43 50 50 39 37 
43 50 50 40 37 
43 50 50 40 38 
43 50 50 41 38 
43 50 50 41 39 
43 50 51 41 39 
43 51 51 41 39 
43 51 52 41 39 
43 51 53 41 39 
44 51 53 41 39 
44 52 53 41 39 
45 52 53 41 39 
45 52 54 41 39 
45 52 54 41 40 
45 52 55 41 40 
45 52 55 41 41 
45 52 56 41 41 
45 53 56 41 41 
45 53 56 41 42 
45 53 57 41 42 
46 53 57 41 42 
46 54 57 41 42 
46 55 57 41 42 
46 55 57 42 42 
46 56 57 42 42 
46 56 57 43 42 
46 56 58 43 42 
46 56 58 44 42 
46 56 58 45 42 
46 56 58 45 43 
46 56 59 45 43 
46 57 59 45 43 
46 58 59 45 43 
46 58 59 45 44 
46 58 60 45 44 
46 58 61 45 44 
46 58 61 46 44 
47 58 61 46 44 
47 58 62 46 44 
47 58 63 46 44 
47 59 63 46 44 
47 59 64 46 44 
48 59 64 46 44 
48 60 64 46 44 
48 60 64 46 45 
49 60 64 46 45 
49 60 64 46 46 
49 61 64 46 46 
49 61 64 47 46 
49 62 64 47 46 
49 62 64 48 46 
50 62 64 48 46 
50 62 65 48 46 
50 62 65 48 47 
50 62 66 48 47 
50 63 66 48 47 
50 63 66 49 47 
51 63 66 49 47 
51 64 66 49 47 
51 64 66 50 47 
52 64 66 50 47 
52 64 66 50 48 
52 64 66 50 49 
52 65 66 50 49 
53 65 66 50 49 
53 65 67 50 49 
53 65 67 51 49 
53 65 68 51 49 
53 66 68 51 49 
53 66 69 51 49 
53 67 69 51 49 
54 67 69 51 49 
54 67 70 51 49 
54 67 71 51 49 
54 67 71 52 49 
54 68 71 52 49 
54 68 72 52 49 
54 69 72 52 49 
55 69 72 52 49 
55 69 73 52 49 
56 69 73 52 49 
56 69 74 52 49 
56 70 74 52 49 
56 70 75 52 49 
56 70 75 52 50 
56 70 75 53 50 
57 70 75 53 50 
57 70 75 53 51 
57 70 76 53 51 
57 71 76 53 51 
57 71 76 53 52 
57 71 77 53 52 
57 71 77 54 52 
57 72 77 54 52 
57 72 78 54 52 
57 72 78 55 52 
57 72 78 55 53 
57 73 78 55 53 
57 73 79 55 53 
57 73 80 55 53 
58 73 80 55 53 
58 73 80 56 53 
59 73 80 56 53 
59 73 80 57 53 
59 73 80 57 54 
59 73 81 57 54 
60 73 81 57 54 
60 74 81 57 54 
60 74 81 57 55 
60 75 81 57 55 
60 75 82 57 55 
61 75 82 57 55 
61 76 82 57 55 
61 77 82 57 55 
61 77 83 57 55 
61 77 83 58 55 
61 78 83 58 55 
62 78 83 58 55 
62 78 83 58 56 
62 79 83 58 56 
62 79 83 59 56 
62 79 83 60 56 
63 79 83 60 56 
63 80 83 60 56 
63 80 83 60 57 
64 80 83 60 57 
64 80 84 60 57 
64 80 84 60 58 
64 80 84 60 59 
64 80 84 61 59 
64 80 84 62 59 
64 80 84 62 60 
64 80 85 62 60 
64 80 85 62 61 
64 80 86 62 61 
64 80 86 62 62 
64 80 86 63 62 
64 80 86 63 63 
65 80 86 63 63 
65 81 86 63 63 
65 81 86 63 64 
66 81 86 63 64 
66 81 87 63 64 
66 81 87 63 65 
66 81 87 63 66 
67 81 87 63 66 
67 81 88 63 66 
68 81 88 63 66 
68 81 88 64 66 
69 81 88 64 66 
69 81 88 65 66 
70 81 88 65 66 
70 82 88 65 66 
70 83 88 65 66 
70 83 88 66 66 
70 83 88 66 67 
71 83 88 66 67 
72 83 88 66 67 
72 83 89 66 67 
73 83 89 66 67 
74 83 89 66 67 
74 83 90 66 67 
74 83 91 66 67 
74 83 91 66 68 
74 83 92 66 68 
74 83 93 66 68 
74 83 94 66 68 
75 83 94 66 68 
75 83 94 67 68 
76 83 94 67 68 
76 83 95 67 68 
76 83 95 68 68 
76 83 95 68 69 
76 83 95 68 70 
76 83 95 69 70 
76 84 95 69 70 
76 85 95 69 70 
76 86 95 69 70 
76 86 96 69 70 
76 87 96 69 70 
77 87 96 69 70 
77 87 97 69 70 
78 87 97 69 70 
78 88 97 69 70 
78 89 97 69 70 
78 89 97 69 71 
79 89 97 69 71 
79 89 98 69 71 
79 89 98 70 71 
79 89 98 70 72 
79 89 98 71 72 
79 89 99 71 72 
80 89 99 71 72 
81 89 99 71 72 
81 90 99 71 72 
81 90 99 72 72 
81 90 99 72 73 
81 90 100 72 73 
81 90 101 72 73 
82 90 101 72 73 
82 91 101 72 73 
82 91 102 72 73 
83 91 102 72 73 
83 91 102 72 74 
84 91 102 72 74 
85 91 102 72 74 
85 91 102 73 74 
85 91 102 74 74 
85 91 103 74 74 
86 91 103 74 74 
87 91 103 74 74 
87 91 104 74 74 
87 91 104 74 75 
87 91 104 75 75 
87 91 104 75 76 
87 91 104 75 77 
88 91 104 75 77 
88 91 105 75 77 
88 92 105 75 77 
88 92 106 75 77 
88 92 106 76 77 
88 92 106 77 77 
89 92 106 77 77 
89 93 106 77 77 
90 93 106 77 77 
90 93 107 77 77 
90 94 107 77 77 
90 94 107 77 78 
90 94 107 78 78 
91 94 107 78 78 
91 94 107 78 79 
91 94 108 78 79 
91 95 108 78 79 
91 96 108 78 79 
91 96 108 79 79 
91 96 109 79 79 
91 96 109 80 79 
92 96 109 80 79 
92 96 110 80 79 
92 96 110 81 79 
93 96 110 81 79 
93 97 110 81 79 
93 97 111 81 79 
93 97 111 82 79 
93 98 111 82 79 
93 98 112 82 79 
93 98 113 82 79 
93 98 114 82 79 
94 98 114 82 79 
94 98 115 82 79 
94 98 115 83 79 
95 98 115 83 79 
95 98 116 83 79 
95 98 117 83 79 
96 98 117 83 79 
96 98 117 83 80 
96 99 117 83 80 
96 99 117 84 80 
96 100 117 84 80 
96 101 117 84 80 
96 102 117 84 80 
96 102 117 84 81 
96 102 118 84 81 
96 103 118 84 81 
97 103 118 84 81 
97 103 118 85 81 
98 103 118 85 81 
99 103 118 85 81 
99 103 119 85 81 
99 103 120 85 81 
99 103 121 85 81 
100 103 121 85 81 
100 103 121 85 82 
100 104 121 85 82 
100 104 122 85 82 
100 104 122 86 82 
100 104 123 86 82 
100 104 123 87 82 
100 105 123 87 82 
101 105 123 87 82 
101 105 124 87 82 
101 105 124 88 82 
101 105 124 88 83 
102 105 124 88 83 
102 105 124 88 84 
102 105 124 89 84 
102 105 125 89 84 
103 105 125 89 84 
103 105 125 90 84 
103 105 125 90 85 
103 105 125 90 86 
104 105 125 90 86 
104 106 125 90 86 
105 106 125 90 86 
105 107 125 90 86 
106 107 125 90 86 
106 108 125 90 86 
107 108 125 90 86 
107 108 125 90 87 
107 109 125 90 87 
107 109 126 90 87 
107 109 127 90 87 
107 110 127 90 87 
107 111 127 90 87 
107 111 128 90 87 
107 111 128 90 88 
107 111 129 90 88 
108 111 129 90 88 
108 111 129 91 88 
108 112 129 91 88 
108 112 129 92 88 
108 113 129 92 88 
108 113 129 92 89 
108 113 130 92 89 
108 113 131 92 89 
108 113 132 92 89 
108 114 132 92 89 
108 114 132 92 90 
108 114 133 92 90 
109 114 133 92 90 
109 114 134 92 90 
109 114 135 92 90 
109 114 136 92 90 
110 114 136 92 90 
110 115 136 92 90 
110 116 136 92 90 
110 116 137 92 90 
111 116 137 92 90 
111 116 137 92 91 
112 116 137 92 91 
112 116 138 92 91 
112 116 138 93 91 
113 116 138 93 91 
113 116 138 93 92 
113 117 138 93 92 
113 117 139 93 92 
114 117 139 93 92 
114 118 139 93 92 
114 118 139 94 92 
114 118 140 94 92 
115 118 140 94 92 
115 118 141 94 92 
115 118 141 95 92 
115 118 141 96 92 
115 118 141 97 92 
116 118 141 97 92 
116 118 142 97 92 
116 118 142 98 92 
116 118 143 98 92 
116 119 143 98 92 
116 119 144 98 92 
116 119 144 98 93 
117 119 144 98 93 
117 120 144 98 93 
117 120 145 98 93 
117 120 146 98 93 
118 120 146 98 93 
118 121 146 98 93 
118 121 146 99 93 
118 122 146 99 93 
118 122 147 99 93 
118 122 147 100 93 
118 122 147 100 94 
118 123 147 100 94 
118 123 148 100 94 
118 123 148 101 94 
119 123 148 101 94 
119 123 148 101 95 
119 123 148 102 95 
119 124 148 102 95 
119 124 148 103 95 
119 124 148 103 96 
119 124 148 104 96 
120 124 148 104 96 
120 125 148 104 96 
120 125 149 104 96 
120 126 149 104 96 
121 126 149 104 96 
122 126 149 104 96 
122 127 149 104 96 
122 127 149 105 96 
122 128 149 105 96 
122 128 149 105 97 
123 128 149 105 97 
123 129 149 105 97 
123 129 149 105 98 
123 129 149 105 99 
123 129 149 106 99 
123 129 149 107 99 
123 129 149 108 99 
123 130 149 108 99 
124 130 149 108 99 
124 130 149 108 100 
125 130 149 108 100 
125 131 149 108 100 
125 131 150 108 100 
125 132 150 108 100 
125 133 150 108 100 
125 133 150 108 101 
125 134 150 108 101 
125 134 151 108 101 
125 135 151 108 101 
125 136 151 108 101 
125 136 151 108 102 
125 137 151 108 102 
126 137 151 108 102 
126 137 151 108 103 
126 137 151 108 104 
126 137 152 108 104 
126 138 152 108 104 
126 139 152 108 104 
126 140 152 108 104 
126 141 152 108 104 
127 141 152 108 104 
127 142 152 108 104 
127 142 152 108 105 
127 142 152 108 106 
127 142 153 108 106 
127 142 153 108 107 
127 143 153 108 107 
128 143 153 108 107 
128 143 153 108 108 
128 143 154 108 108 
128 144 154 108 108 
128 145 154 108 108 
128 146 154 108 108 
128 147 154 108 108 
128 147 154 108 109 
128 147 155 108 109 
128 147 156 108 109 
128 147 157 108 109 
128 148 157 108 109 
128 149 157 108 109 
128 149 158 108 109 
128 149 159 108 109 
128 149 160 108 109 
128 149 160 108 110 
128 149 161 108 110 
128 149 161 109 110 
128 149 161 110 110 
128 149 161 111 110 
128 149 162 111 110 
128 149 162 111 111 
128 149 163 111 111 
128 149 163 112 111 
128 149 163 112 112 
128 149 164 112 112 
128 149 165 112 112 
129 149 165 112 112 
129 149 165 113 112 
129 149 166 113 112 
129 150 166 113 112 
129 151 166 113 112 
129 151 167 113 112 
129 152 167 113 112 
129 153 167 113 112 
129 153 167 113 113 
129 153 168 113 113 
129 153 169 113 113 
129 154 169 113 113 
129 154 170 113 113 
129 154 170 114 113 
129 154 170 114 114 
129 154 170 115 114 
129 154 170 115 115 
129 154 170 116 115 
129 154 170 117 115 
129 154 170 117 116 
129 155 170 117 116 
129 155 170 117 117 
129 155 170 118 117 
129 155 171 118 117 
129 155 171 118 118 
129 155 172 118 118 
130 155 172 118 118 
130 155 172 118 119 
130 155 172 119 119 
130 155 173 119 119 
131 155 173 119 119 
131 156 173 119 119 
131 156 173 120 119 
131 157 173 120 119 
131 157 173 120 120 
131 157 173 120 121 
132 157 173 120 121 
133 157 173 120 121 
133 157 174 120 121 
133 157 175 120 121 
133 157 175 120 122 
133 157 176 120 122 
133 157 177 120 122 
133 157 178 120 122 
133 157 178 121 122 
133 158 178 121 122 
134 158 178 121 122 
135 158 178 121 122 
136 158 178 121 122 
136 158 179 121 122 
136 158 179 122 122 
136 158 179 123 122 
136 158 179 124 122 
136 159 179 124 122 
136 159 179 125 122 
136 159 179 126 122 
136 159 179 127 122 
136 159 180 127 122 
137 159 180 127 122 
137 160 180 127 122 
137 161 180 127 122 
137 161 180 127 123 
137 161 180 127 124 
137 161 180 128 124 
138 161 180 128 124 
138 162 180 128 124 
139 162 180 128 124 
139 162 180 129 124 
140 162 180 129 124 
140 162 180 129 125 
140 163 180 129 125 
140 164 180 129 125 
140 164 180 129 126 
140 164 180 129 127 
140 164 181 129 127 
141 164 181 129 127 
141 164 181 130 127 
142 164 181 130 127 
142 165 181 130 127 
142 166 181 130 127 
142 166 181 130 128 
143 166 181 130 128 
143 167 181 130 128 
143 167 182 130 128 
143 167 182 131 128 
143 167 183 131 128 
143 167 184 131 128 
143 167 185 131 128 
144 167 185 131 128 
144 168 185 131 128 
144 168 185 131 129 
144 168 185 131 130 
144 168 186 131 130 
144 168 186 132 130 
144 168 186 133 130 
144 168 186 133 131 
144 168 187 133 131 
144 168 187 133 132 
145 168 187 133 132 
145 168 187 134 132 
146 168 187 134 132 
146 168 187 135 132 
146 169 187 135 132 
147 169 187 135 132 
147 169 188 135 132 
148 169 188 135 132 
148 169 189 135 132 
148 169 190 135 132 
148 170 190 135 132 
148 170 191 135 132 
148 171 191 135 132 
148 172 191 135 132 
148 172 192 135 132 
148 173 192 135 132 
148 173 193 135 132 
148 174 193 135 132 
149 174 193 135 132 
149 174 193 136 132 
149 174 193 136 133 
150 174 193 136 133 
151 174 193 136 133 
151 175 193 136 133 
151 176 193 136 133 
151 176 193 136 134 
151 176 193 137 134 
152 176 193 137 134 
153 176 193 137 134 
153 177 193 137 134 
153 177 194 137 134 
153 177 195 137 134 
153 177 196 137 134 
154 177 196 137 134 
155 177 196 137 134 
155 177 197 137 134 
155 177 197 138 134 
155 177 198 138 134 
155 177 198 138 135 
155 178 198 138 135 
155 179 198 138 135 
155 180 198 138 135 
155 180 198 138 136 
155 180 198 138 137 
156 180 198 138 137 
156 180 198 139 137 
156 180 199 139 137 
156 181 199 139 137 
156 181 200 139 137 
157 181 200 139 137 
157 182 200 139 137 
157 182 201 139 137 
157 182 201 139 138 
157 182 201 139 139 
157 182 201 140 139 
157 182 201 141 139 
157 183 201 141 139 
157 183 201 142 139 
157 184 201 142 139 
157 184 202 142 139 
158 184 202 142 139 
158 184 202 142 140 
158 184 203 142 140 
158 184 203 142 141 
158 184 203 143 141 
158 184 203 143 142 
158 185 203 143 142 
158 185 203 143 143 
158 185 203 143 144 
158 186 203 143 144 
159 186 203 143 144 
159 186 204 143 144 
159 186 205 143 144 
159 186 206 143 144 
160 186 206 143 144 
160 186 207 143 144 
161 186 207 143 144 
161 186 208 143 144 
161 186 208 144 144 
161 187 208 144 144 
161 187 208 144 145 
161 187 209 144 145 
161 187 209 144 146 
161 187 210 144 146 
161 187 210 144 147 
162 187 210 144 147 
162 187 211 144 147 
162 187 211 145 147 
162 187 212 145 147 
162 187 213 145 147 
162 187 213 146 147 
162 188 213 146 147 
162 188 214 146 147 
162 188 214 147 147 
162 189 214 147 147 
162 190 214 147 147 
163 190 214 147 147 
163 190 215 147 147 
163 190 215 147 148 
163 191 215 147 148 
163 191 216 147 148 
164 191 216 147 148 
164 192 216 147 148 
164 192 217 147 148 
164 193 217 147 148 
165 193 217 147 148 
165 193 217 147 149 
165 193 217 148 149 
165 193 217 148 150 
165 193 217 149 150 
165 194 217 149 150 
165 195 217 149 150 
165 196 217 149 150 
165 196 217 150 150 
165 196 218 150 150 
165 196 218 151 150 
165 196 218 151 151 
165 196 218 152 151 
165 197 218 152 151 
165 197 218 153 151 
165 197 218 153 152 
165 197 218 153 153 
165 197 218 153 154 
165 198 218 153 154 
165 198 218 154 154 
165 198 218 154 155 
165 198 218 154 156 
165 198 219 154 156 
165 198 220 154 156 
165 198 220 154 157 
165 198 220 154 158 
165 198 221 154 158 
165 198 221 155 158 
165 199 221 155 158 
165 199 222 155 158 
165 199 223 155 158 
165 199 223 156 158 
165 199 224 156 158 
165 200 224 156 158 
165 200 224 157 158 
165 201 224 157 158 
165 202 224 157 158 
165 202 224 157 159 
165 202 224 157 160 
165 203 224 157 160 
165 203 225 157 160 
165 204 225 157 160 
165 204 225 158 160 
165 204 226 158 160 
165 204 227 158 160 
165 204 227 158 161 
165 205 227 158 161 
165 205 227 158 162 
165 205 227 159 162 
165 205 227 160 162 
165 205 227 160 163 
165 205 227 160 164 
165 205 227 160 165 
166 205 227 160 165 
166 205 227 160 166 
166 205 227 160 167 
166 206 227 160 167 
166 207 227 160 167 
167 207 227 160 167 
167 208 227 160 167 
167 209 227 160 167 
167 209 227 161 167 
167 209 227 162 167 
168 209 227 162 167 
168 209 227 162 168 
168 209 227 162 169 
168 209 228 162 169 
168 209 228 162 170 
168 209 228 162 171 
168 209 228 163 171 
168 209 229 163 171 
168 209 229 164 171 
168 209 229 164 172 
168 210 229 164 172 
168 211 229 164 172 
169 211 229 164 172 
170 211 229 164 172 
170 211 230 164 172 
170 211 230 165 172 
171 211 230 165 172 
172 211 230 165 172 
172 212 230 165 172 
172 212 231 165 172 
172 212 231 166 172 
172 212 231 166 173 
172 213 231 166 173 
172 214 231 166 173 
172 214 231 166 174 
172 214 231 167 174 
173 214 231 167 174 
173 214 232 167 174 
173 214 233 167 174 
173 214 234 167 174 
173 214 235 167 174 
173 214 236 167 174 
173 215 236 167 174 
173 215 236 168 174 
174 215 236 168 174 
174 215 236 169 174 
174 215 237 169 174 
175 215 237 169 174 
175 216 237 169 174 
175 217 237 169 174 
175 218 237 169 174 
175 218 237 169 175 
175 218 238 169 175 
175 218 239 169 175 
176 218 239 169 175 
176 219 239 169 175 
176 220 239 169 175 
176 220 240 169 175 
177 220 240 169 175 
178 220 240 169 175 
178 220 241 169 175 
178 220 241 170 175 
178 220 241 171 175 
178 221 241 171 175 
179 221 241 171 175 
179 221 241 171 176 
179 221 241 172 176 
179 222 241 172 176 
179 222 241 173 176 
180 222 241 173 176 
180 222 241 173 177 
180 222 241 174 177 
180 222 242 174 177 
180 222 242 175 177 
180 222 243 175 177 
181 222 243 175 177 
181 223 243 175 177 
181 223 244 175 177 
181 224 244 175 177 
181 225 244 175 177 
181 225 244 176 177 
181 225 244 177 177 
181 225 244 177 178 
182 225 244 177 178 
183 225 244 177 178 
183 225 244 178 178 