Top Jungle Mid Bot/Support Bot/Carry
0 1 0 0 0 
0 1 1 0 0 
0 1 2 0 0 
0 2 2 0 0 
0 3 2 0 0 
0 4 2 0 0 
0 5 2 0 0 
1 5 2 0 0 
2 5 2 0 0 
2 5 2 1 0 
2 5 3 1 0 
3 5 3 1 0 
3 5 3 2 0 
3 6 3 2 0 
4 6 3 2 0 
4 7 3 2 0 
4 7 3 3 0 
4 8 3 3 0 
4 8 4 3 0 
4 8 4 4 0 
4 9 4 4 0 
4 9 5 4 0 
4 9 6 4 0 
4 10 6 4 0 
4 10 6 5 0 
4 10 6 5 1 
4 10 7 5 1 
4 11 7 5 1 
4 11 7 6 1 
5 11 7 6 1 
6 11 7 6 1 
6 11 7 7 1 
6 11 7 8 1 
7 11 7 8 1 
7 12 7 8 1 
7 13 7 8 1 
8 13 7 8 1 
8 14 7 8 1 
8 14 7 9 1 
9 14 7 9 1 
9 14 8 9 1 
9 15 8 9 1 
9 15 8 9 2 
9 15 9 9 2 
9 15 9 10 2 
9 15 9 11 2 
9 15 9 12 2 
10 15 9 12 2 
10 15 9 12 3 
10 16 9 12 3 
10 16 10 12 3 
10 16 11 12 3 
10 16 11 12 4 
10 16 12 12 4 
10 16 13 12 4 
10 17 13 12 4 
10 17 13 12 5 
10 18 13 12 5 
10 18 13 12 6 
10 18 13 12 7 
10 18 13 12 8 
10 18 14 12 8 
11 18 14 12 8 
11 18 14 12 9 
11 18 15 12 9 
11 18 15 13 9 
11 18 15 13 10 
11 19 15 13 10 
11 20 15 13 10 
11 20 15 13 11 
11 20 15 14 11 
11 20 15 14 12 
11 20 15 14 13 
11 20 15 15 13 
11 20 16 15 13 
11 20 17 15 13 
11 20 17 15 14 
11 21 17 15 14 
11 21 17 16 14 
11 22 17 16 14 
11 22 18 16 14 
12 22 18 16 14 
13 22 18 16 14 
13 22 19 16 14 
13 23 19 16 14 
13 23 19 17 14 
14 23 19 17 14 
15 23 19 17 14 
15 23 20 17 14 
15 23 21 17 14 
15 24 21 17 14 
15 25 21 17 14 
15 26 21 17 14 
15 26 21 17 15 
15 26 21 17 16 
15 27 21 17 16 
15 28 21 17 16 
15 29 21 17 16 
15 29 21 17 17 
16 29 21 17 17 
16 29 21 17 18 
17 29 21 17 18 
17 29 21 18 18 
17 29 21 18 19 
18 29 21 18 19 
18 29 21 19 19 
19 29 21 19 19 
19 29 22 19 19 
19 29 22 20 19 
19 29 23 20 19 
19 29 24 20 19 
19 30 24 20 19 
19 30 24 20 20 
19 30 25 20 20 
19 31 25 20 20 
19 31 25 20 21 
19 32 25 20 21 
19 32 25 21 21 
19 33 25 21 21 
19 33 26 21 21 
19 33 27 21 21 
19 34 27 21 21 
19 34 27 21 22 
19 35 27 21 22 
20 35 27 21 22 
20 36 27 21 22 
20 36 27 22 22 
20 37 27 22 22 
21 37 27 22 22 
21 37 27 23 22 
21 37 27 24 22 
21 37 27 25 22 
21 37 28 25 22 
22 37 28 25 22 
22 38 28 25 22 
22 39 28 25 22 
22 39 29 25 22 
22 40 29 25 22 
22 41 29 25 22 
22 42 29 25 22 
22 42 29 25 23 
23 42 29 25 23 
24 42 29 25 23 
24 42 30 25 23 
24 43 30 25 23 
24 43 31 25 23 
24 44 31 25 23 
24 44 32 25 23 
24 44 32 25 24 
24 44 32 25 25 
24 44 33 25 25 
24 44 33 26 25 
24 44 33 27 25 
24 44 34 27 25 
24 44 35 27 25 
24 44 36 27 25 
24 44 37 27 25 
25 44 37 27 25 
25 45 37 27 25 
25 45 38 27 25 
25 45 39 27 25 
26 45 39 27 25 
26 45 39 27 26 
27 45 39 27 26 
28 45 39 27 26 
28 46 39 27 26 
28 46 39 27 27 
28 46 39 28 27 
28 46 39 28 28 
28 47 39 28 28 
28 47 39 29 28 
28 47 39 30 28 
28 48 39 30 28 
28 48 40 30 28 
28 48 40 30 29 
29 48 40 30 29 
30 48 40 30 29 
30 48 41 30 29 
31 48 41 30 29 
31 48 41 30 30 
31 49 41 30 30 
31 49 41 30 31 
31 49 41 31 31 
31 49 41 31 32 
32 49 41 31 32 
32 49 42 31 32 
32 49 42 32 32 
32 50 42 32 32 
33 50 42 32 32 
33 50 42 33 32 
33 51 42 33 32 
33 51 42 33 33 
33 51 43 33 33 
33 52 43 33 33 
33 52 43 34 33 
34 52 43 34 33 
35 52 43 34 33 
35 53 43 34 33 
35 53 43 35 33 
35 53 43 36 33 
36 53 43 36 33 
36 53 43 36 34 
36 53 43 36 35 
36 53 43 36 36 
36 53 43 36 37 
36 54 43 36 37 
37 54 43 36 37 
37 54 43 36 38 
37 54 44 36 38 
37 54 45 36 38 
37 55 45 36 38 
37 55 45 36 39 
37 55 46 36 39 
37 55 46 36 40 
37 55 46 37 40 
37 56 46 37 40 
37 56 46 38 40 
38 56 46 38 40 
39 56 46 38 40 
39 57 46 38 40 
39 57 47 38 40 
39 57 48 38 40 
39 58 48 38 40 
39 58 48 39 40 
39 58 48 40 40 
39 59 48 40 40 
39 59 48 40 41 
39 59 48 41 41 
39 59 48 41 42 
39 59 49 41 42 
39 59 49 42 42 
39 60 49 42 42 
39 60 49 42 43 
39 60 49 43 43 
40 60 49 43 43 
40 60 50 43 43 
40 60 51 43 43 
40 60 51 43 44 
40 60 51 43 45 
40 60 52 43 45 
40 60 53 43 45 
41 60 53 43 45 
42 60 53 43 45 
42 60 54 43 45 
42 61 54 43 45 
42 61 55 43 45 
42 61 55 44 45 
42 61 55 45 45 
42 61 55 45 46 
42 61 56 45 46 
43 61 56 45 46 
44 61 56 45 46 
45 61 56 45 46 
45 62 56 45 46 
45 62 56 45 47 
45 62 56 45 48 
45 62 56 45 49 
45 62 56 45 50 
45 62 57 45 50 
45 62 58 45 50 
45 62 58 46 50 
45 62 58 47 50 
45 62 58 48 50 
45 63 58 48 50 
45 63 58 48 51 
45 63 59 48 51 
45 64 59 48 51 
45 64 59 48 52 
46 64 59 48 52 
47 64 59 48 52 
48 64 59 48 52 
49 64 59 48 52 
49 64 59 49 52 
49 64 59 49 53 
50 64 59 49 53 
50 64 60 49 53 
51 64 60 49 53 
52 64 60 49 53 
52 64 61 49 53 
52 64 62 49 53 
52 65 62 49 53 
52 65 62 49 54 
52 65 62 49 55 
52 66 62 49 55 
53 66 62 49 55 
53 67 62 49 55 
54 67 62 49 55 
54 67 63 49 55 
55 67 63 49 55 
55 67 63 49 56 
55 67 64 49 56 
56 67 64 49 56 
56 67 65 49 56 
56 67 65 50 56 
56 68 65 50 56 
56 68 65 50 57 
56 69 65 50 57 
56 70 65 50 57 
57 70 65 50 57 
57 70 65 50 58 
57 71 65 50 58 
58 71 65 50 58 
58 72 65 50 58 
58 73 65 50 58 
59 73 65 50 58 
59 73 66 50 58 
59 73 67 50 58 
59 73 68 50 58 
59 73 69 50 58 
60 73 69 50 58 
60 74 69 50 58 
61 74 69 50 58 
61 74 69 51 58 
61 74 69 51 59 
61 74 69 51 60 
61 74 70 51 60 
62 74 70 51 60 
62 74 70 51 61 
62 74 71 51 61 
62 74 71 51 62 
63 74 71 51 62 
63 74 72 51 62 
63 75 72 51 62 
63 75 72 52 62 
64 75 72 52 62 
64 76 72 52 62 
64 76 72 53 62 
64 76 72 54 62 
64 77 72 54 62 
64 77 72 54 63 
64 78 72 54 63 
64 78 73 54 63 
64 78 73 55 63 
65 78 73 55 63 
65 79 73 55 63 
65 80 73 55 63 
65 80 74 55 63 
65 81 74 55 63 
65 81 75 55 63 
65 81 75 55 64 
66 81 75 55 64 
67 81 75 55 64 
67 81 75 55 65 
68 81 75 55 65 
68 82 75 55 65 
68 82 76 55 65 
68 82 77 55 65 
68 83 77 55 65 
68 83 77 55 66 
68 84 77 55 66 
69 84 77 55 66 
69 85 77 55 66 
69 85 77 55 67 
69 85 77 56 67 
69 85 77 56 68 
69 85 78 56 68 
69 85 79 56 68 
69 85 79 56 69 
69 85 79 57 69 
69 85 80 57 69 
69 85 81 57 69 
70 85 81 57 69 
70 85 82 57 69 
70 85 83 57 69 
70 85 83 58 69 
70 85 84 58 69 
70 85 85 58 69 
70 86 85 58 69 
70 86 85 58 70 
70 86 86 58 70 
70 86 87 58 70 
71 86 87 58 70 
71 87 87 58 70 
72 87 87 58 70 
73 87 87 58 70 
73 87 87 58 71 
73 87 88 58 71 
73 88 88 58 71 
73 88 88 59 71 
73 88 88 60 71 
73 88 89 60 71 
73 88 89 60 72 
74 88 89 60 72 
74 88 90 60 72 
74 88 90 61 72 
75 88 90 61 72 
75 88 90 62 72 
75 88 90 62 73 
75 88 91 62 73 
75 89 91 62 73 
75 89 91 63 73 
75 89 91 63 74 
75 89 91 63 75 
75 90 91 63 75 
75 90 92 63 75 
76 90 92 63 75 
77 90 92 63 75 
77 90 93 63 75 
77 90 93 63 76 
77 90 93 64 76 
78 90 93 64 76 
78 90 94 64 76 
79 90 94 64 76 
79 91 94 64 76 
79 92 94 64 76 
80 92 94 64 76 
80 93 94 64 76 
81 93 94 64 76 
81 93 94 64 77 
82 93 94 64 77 
82 94 94 64 77 
82 94 95 64 77 
82 94 96 64 77 
83 94 96 64 77 
83 94 96 65 77 
84 94 96 65 77 
84 94 97 65 77 
84 94 98 65 77 
84 94 98 66 77 
84 94 99 66 77 
84 94 99 67 77 
84 94 100 67 77 
84 94 101 67 77 
84 94 101 68 77 
84 95 101 68 77 
84 95 102 68 77 
84 95 102 69 77 
84 95 102 70 77 
84 95 103 70 77 
84 95 103 70 78 
84 96 103 70 78 
84 96 104 70 78 
84 96 105 70 78 
84 96 106 70 78 
84 96 107 70 78 
84 97 107 70 78 
84 97 107 70 79 
84 97 107 71 79 
84 97 107 71 80 
84 97 108 71 80 
84 97 108 72 80 
84 97 109 72 80 
84 97 109 73 80 
84 97 109 73 81 
84 97 110 73 81 
84 97 110 74 81 
84 97 111 74 81 
84 97 111 75 81 
84 97 112 75 81 
84 97 113 75 81 
84 97 114 75 81 
84 97 115 75 81 
84 97 115 75 82 
84 97 115 75 83 
84 97 116 75 83 
85 97 116 75 83 
85 98 116 75 83 
85 98 116 75 84 
86 98 116 75 84 
87 98 116 75 84 
88 98 116 75 84 
88 99 116 75 84 
88 100 116 75 84 
88 101 116 75 84 
88 101 116 76 84 
88 102 116 76 84 
88 102 116 76 85 
88 102 116 77 85 
88 102 116 78 85 
88 102 116 79 85 
88 102 117 79 85 
88 102 117 80 85 
89 102 117 80 85 
89 103 117 80 85 
89 104 117 80 85 
89 104 117 80 86 
89 104 118 80 86 
90 104 118 80 86 
91 104 118 80 86 
91 104 118 81 86 
92 104 118 81 86 
93 104 118 81 86 
94 104 118 81 86 
94 104 118 81 87 
94 104 118 82 87 
94 104 118 83 87 
94 104 118 84 87 
94 104 119 84 87 
94 104 119 84 88 
94 105 119 84 88 
94 105 120 84 88 
94 106 120 84 88 
94 107 120 84 88 
94 108 120 84 88 
94 108 121 84 88 
94 108 121 85 88 
94 108 121 86 88 
95 108 121 86 88 
95 108 122 86 88 
95 109 122 86 88 
95 109 122 87 88 
95 109 122 87 89 
96 109 122 87 89 
96 110 122 87 89 
96 111 122 87 89 
96 111 122 88 89 
96 111 122 88 90 
96 112 122 88 90 
96 112 123 88 90 
97 112 123 88 90 
97 112 123 89 90 
97 112 124 89 90 
97 112 124 89 91 
97 113 124 89 91 
97 113 124 89 92 
97 114 124 89 92 
97 114 124 89 93 
97 114 124 89 94 
97 114 124 89 95 
97 114 124 90 95 
97 115 124 90 95 
97 116 124 90 95 
97 116 124 91 95 
97 116 124 91 96 
97 117 124 91 96 
98 117 124 91 96 
98 117 124 91 97 
98 117 124 92 97 
99 117 124 92 97 
100 117 124 92 97 
100 117 124 92 98 
100 117 124 93 98 
100 117 124 94 98 
100 117 124 94 99 
100 117 124 94 100 
100 117 124 94 101 
101 117 124 94 101 
101 117 124 95 101 
101 118 124 95 101 
102 118 124 95 101 
102 118 124 96 101 
102 118 125 96 101 
102 118 125 96 102 
102 118 125 96 103 
102 118 126 96 103 
102 118 127 96 103 
102 118 127 97 103 
102 118 128 97 103 
102 118 129 97 103 
102 118 129 97 104 
102 118 130 97 104 
102 118 130 97 105 
103 118 130 97 105 
104 118 130 97 105 
104 118 130 97 106 
105 118 130 97 106 
105 119 130 97 106 
106 119 130 97 106 
107 119 130 97 106 
107 120 130 97 106 
107 120 131 97 106 
107 120 131 98 106 
107 121 131 98 106 
107 122 131 98 106 
107 123 131 98 106 
107 124 131 98 106 
108 124 131 98 106 
108 124 131 99 106 
108 124 131 100 106 
108 124 131 100 107 
108 124 132 100 107 
109 124 132 100 107 
109 124 133 100 107 
109 125 133 100 107 
109 125 134 100 107 
109 125 134 101 107 
110 125 134 101 107 
110 125 134 101 108 
110 125 135 101 108 
110 126 135 101 108 
110 126 135 102 108 
110 126 135 103 108 
111 126 135 103 108 
112 126 135 103 108 
112 126 135 103 109 
112 126 136 103 109 
112 127 136 103 109 
112 127 136 103 110 
112 128 136 103 110 
112 129 136 103 110 
113 129 136 103 110 
113 130 136 103 110 
113 130 137 103 110 
114 130 137 103 110 
114 130 137 103 111 
115 130 137 103 111 
115 130 137 103 112 
116 130 137 103 112 
116 131 137 103 112 
116 132 137 103 112 
116 132 137 103 113 
116 132 138 103 113 
116 132 138 103 114 
116 132 139 103 114 
116 132 140 103 114 
116 133 140 103 114 
116 133 140 104 114 
117 133 140 104 114 
117 133 140 105 114 
118 133 140 105 114 
118 133 141 105 114 
118 133 141 106 114 
118 133 141 106 115 
118 134 141 106 115 
119 134 141 106 115 
119 134 141 107 115 
119 134 141 107 116 
119 134 141 107 117 
120 134 141 107 117 
120 134 142 107 117 
120 134 142 107 118 
120 135 142 107 118 
121 135 142 107 118 
121 135 142 108 118 
121 136 142 108 118 
121 136 142 108 119 
121 137 142 108 119 
121 137 143 108 119 
121 137 143 109 119 
121 137 143 109 120 
121 138 143 109 120 
121 138 143 109 121 
121 138 144 109 121 
121 139 144 109 121 
121 139 145 109 121 
121 140 145 109 121 
121 141 145 109 121 
121 141 146 109 121 
121 141 146 109 122 
121 141 146 110 122 
121 141 146 111 122 
121 141 147 111 122 
121 141 148 111 122 
121 142 148 111 122 
121 143 148 111 122 
121 144 148 111 122 
121 144 149 111 122 
121 145 149 111 122 
121 146 149 111 122 
121 146 150 111 122 
121 146 150 111 123 
122 146 150 111 123 
122 146 150 111 124 
122 146 151 111 124 
122 146 151 112 124 
122 146 151 112 125 
122 146 151 113 125 
123 146 151 113 125 
123 146 151 113 126 
123 146 152 113 126 
123 146 153 113 126 
123 146 154 113 126 
123 147 154 113 126 
123 147 154 113 127 
123 147 154 113 128 
123 148 154 113 128 
123 148 155 113 128 
123 148 155 113 129 
123 148 155 113 130 
123 148 156 113 130 
123 149 156 113 130 
123 149 156 114 130 
124 149 156 114 130 
124 149 156 115 130 
124 149 156 116 130 
124 150 156 116 130 
125 150 156 116 130 
125 150 157 116 130 
125 150 157 116 131 
125 151 157 116 131 
125 152 157 116 131 
125 152 158 116 131 
125 152 159 116 131 
125 152 160 116 131 
125 153 160 116 131 
125 153 160 117 131 
125 153 161 117 131 
125 153 161 117 132 
125 153 162 117 132 
125 154 162 117 132 
125 154 163 117 132 
125 154 164 117 132 
125 155 164 117 132 
125 155 164 117 133 
125 155 165 117 133 
125 156 165 117 133 
126 156 165 117 133 
126 157 165 117 133 
126 157 166 117 133 
126 157 166 117 134 
126 157 167 117 134 
126 157 167 117 135 
126 157 167 117 136 
126 158 167 117 136 
126 159 167 117 136 
126 159 167 118 136 
126 159 167 118 137 
126 159 168 118 137 
126 159 168 118 138 
126 160 168 118 138 
126 161 168 118 138 
127 161 168 118 138 
127 161 168 119 138 
127 161 169 119 138 
127 162 169 119 138 
127 162 170 119 138 
128 162 170 119 138 
128 162 171 119 138 
129 162 171 119 138 
129 162 171 120 138 
129 162 171 121 138 
129 162 171 121 139 
129 162 171 121 140 
129 163 171 121 140 
130 163 171 121 140 
130 163 171 121 141 
130 163 172 121 141 
130 163 172 122 141 
130 163 173 122 141 
130 163 174 122 141 
131 163 174 122 141 
131 163 174 123 141 
131 163 174 124 141 
132 163 174 124 141 
132 163 174 124 142 
132 163 174 125 142 
132 163 174 125 143 
132 163 175 125 143 
132 163 175 126 143 
132 164 175 126 143 
132 164 176 126 143 
132 165 176 126 143 
132 165 176 127 143 
132 166 176 127 143 
132 166 177 127 143 
132 166 177 127 144 
132 167 177 127 144 
132 167 177 128 144 
132 167 178 128 144 
132 167 178 128 145 
132 167 178 128 146 
132 167 178 128 147 
132 168 178 128 147 
132 168 179 128 147 
133 168 179 128 147 
133 168 179 128 148 
133 168 179 128 149 
133 168 179 129 149 
133 169 179 129 149 
134 169 179 129 149 
134 170 179 129 149 
134 170 179 129 150 
134 171 179 129 150 
134 171 179 129 151 
134 171 180 129 151 
134 171 180 130 151 
134 172 180 130 151 
134 172 181 130 151 
134 173 181 130 151 
134 173 181 131 151 
134 173 181 132 151 
134 173 181 133 151 
134 173 181 134 151 
134 173 181 134 152 
134 174 181 134 152 
134 174 181 135 152 
134 174 181 136 152 
134 174 181 137 152 
134 174 181 137 153 
134 174 181 137 154 
134 175 181 137 154 
135 175 181 137 154 
135 175 181 137 155 
135 176 181 137 155 
135 177 181 137 155 
135 177 181 138 155 
135 178 181 138 155 
135 178 182 138 155 
135 178 183 138 155 
135 178 183 139 155 
135 178 183 140 155 
136 178 183 140 155 
136 178 184 140 155 
136 179 184 140 155 
136 179 185 140 155 
137 179 185 140 155 
138 179 185 140 155 
138 179 185 140 156 
138 179 185 141 156 
138 179 185 141 157 
138 180 185 141 157 
138 180 186 141 157 
138 180 187 141 157 
138 180 187 141 158 
138 181 187 141 158 
139 181 187 141 158 
139 182 187 141 158 
140 182 187 141 158 
140 182 187 141 159 
141 182 187 141 159 
141 182 188 141 159 
142 182 188 141 159 
143 182 188 141 159 
143 183 188 141 159 
143 183 189 141 159 
143 183 189 141 160 
143 183 189 141 161 
143 183 190 141 161 
143 183 191 141 161 
144 183 191 141 161 
144 183 191 142 161 
144 183 191 143 161 
144 183 191 143 162 
144 184 191 143 162 
145 184 191 143 162 
145 184 192 143 162 
145 185 192 143 162 
145 185 193 143 162 
145 186 193 143 162 
145 186 194 143 162 
145 186 194 144 162 
145 186 194 145 162 
145 186 194 146 162 
145 186 194 147 162 
146 186 194 147 162 
146 187 194 147 162 
146 187 195 147 162 
146 187 196 147 162 
146 188 196 147 162 
146 188 197 147 162 
146 188 198 147 162 
147 188 198 147 162 
148 188 198 147 162 
148 188 198 147 163 
148 188 198 147 164 
148 188 198 148 164 
148 189 198 148 164 
148 189 199 148 164 
148 189 200 148 164 
148 189 200 148 165 
148 189 200 149 165 
148 189 200 150 165 
149 189 200 150 165 
149 190 200 150 165 
149 191 200 150 165 
150 191 200 150 165 
150 191 201 150 165 
150 191 201 150 166 
150 191 201 150 167 
150 191 202 150 167 
150 191 202 151 167 
151 191 202 151 167 
151 191 202 152 167 
151 191 203 152 167 
151 191 204 152 167 
151 192 204 152 167 
151 193 204 152 167 
151 194 204 152 167 
152 194 204 152 167 
152 194 204 153 167 
152 194 204 154 167 
152 194 204 155 167 
152 195 204 155 167 
152 195 204 156 167 
152 195 204 157 167 
152 195 204 157 168 
152 195 205 157 168 
152 196 205 157 168 
152 196 206 157 168 
152 196 206 157 169 
152 196 206 157 170 
152 196 207 157 170 
152 196 208 157 170 
152 196 208 157 171 
152 196 208 158 171 
152 197 208 158 171 
152 197 208 159 171 
153 197 208 159 171 
153 197 208 159 172 
153 198 208 159 172 
153 198 208 159 173 
153 198 208 160 173 
154 198 208 160 173 