Top Jungle Mid Bot/Support Bot/Carry
0 0 0 1 0 
1 0 0 1 0 
1 0 1 1 0 
1 0 2 1 0 
1 0 2 1 1 
2 0 2 1 1 
3 0 2 1 1 
4 0 2 1 1 
4 1 2 1 1 
4 1 2 1 2 
4 1 3 1 2 
4 1 4 1 2 
4 1 5 1 2 
4 2 5 1 2 
4 3 5 1 2 
4 3 5 2 2 
4 3 5 3 2 
4 3 5 4 2 
5 3 5 4 2 
5 3 6 4 2 
6 3 6 4 2 
6 3 7 4 2 
6 3 8 4 2 
6 3 8 4 3 
6 3 9 4 3 
6 4 9 4 3 
6 4 9 5 3 
6 5 9 5 3 
6 5 10 5 3 
7 5 10 5 3 
8 5 10 5 3 
8 5 10 6 3 
9 5 10 6 3 
9 5 10 7 3 
9 5 10 7 4 
10 5 10 7 4 
10 6 10 7 4 
10 6 11 7 4 
10 6 11 7 5 
10 6 12 7 5 
10 6 12 7 6 
10 7 12 7 6 
10 7 13 7 6 
10 7 14 7 6 
10 7 15 7 6 
10 8 15 7 6 
11 8 15 7 6 
11 9 15 7 6 
11 9 15 8 6 
11 9 16 8 6 
11 9 17 8 6 
12 9 17 8 6 
13 9 17 8 6 
13 9 17 9 6 
13 10 17 9 6 
13 10 17 10 6 
13 10 17 10 7 
13 11 17 10 7 
13 12 17 10 7 
13 12 17 10 8 
13 12 17 11 8 
13 12 17 11 9 
13 12 18 11 9 
14 12 18 11 9 
14 13 18 11 9 
14 13 19 11 9 
14 13 19 11 10 
15 13 19 11 10 
16 13 19 11 10 
16 14 19 11 10 
16 15 19 11 10 
17 15 19 11 10 
17 16 19 11 10 
17 16 19 12 10 
17 16 20 12 10 
17 16 21 12 10 
17 16 22 12 10 
17 16 22 13 10 
17 16 23 13 10 
18 16 23 13 10 
18 16 23 14 10 
18 16 23 15 10 
18 16 23 15 11 
19 16 23 15 11 
19 16 24 15 11 
19 17 24 15 11 
19 18 24 15 11 
19 18 24 15 12 
20 18 24 15 12 
21 18 24 15 12 
21 18 25 15 12 
21 18 25 15 13 
21 18 25 16 13 
21 19 25 16 13 
21 19 26 16 13 
21 20 26 16 13 
22 20 26 16 13 
23 20 26 16 13 
24 20 26 16 13 
24 21 26 16 13 
24 21 27 16 13 
24 21 27 17 13 
25 21 27 17 13 
25 21 27 17 14 
25 21 27 17 15 
25 21 27 18 15 
25 21 27 18 16 
25 21 27 19 16 
26 21 27 19 16 
27 21 27 19 16 
27 21 28 19 16 
27 21 28 20 16 
27 22 28 20 16 
28 22 28 20 16 
28 23 28 20 16 
28 24 28 20 16 
28 24 28 20 17 
28 24 28 21 17 
28 24 29 21 17 
28 24 30 21 17 
28 24 30 21 18 
28 24 30 22 18 
28 24 30 23 18 
28 24 30 23 19 
29 24 30 23 19 
30 24 30 23 19 
31 24 30 23 19 
31 24 31 23 19 
32 24 31 23 19 
33 24 31 23 19 
33 24 32 23 19 
33 25 32 23 19 
33 25 33 23 19 
33 26 33 23 19 
34 26 33 23 19 
34 27 33 23 19 
34 27 33 23 20 
34 27 33 23 21 
35 27 33 23 21 
35 27 34 23 21 
36 27 34 23 21 
36 27 35 23 21 
36 27 35 23 22 
36 27 36 23 22 
36 28 36 23 22 
36 29 36 23 22 
36 29 36 23 23 
36 29 37 23 23 
36 29 37 23 24 
36 30 37 23 24 
36 31 37 23 24 
36 32 37 23 24 
36 32 37 23 25 
36 33 37 23 25 
36 34 37 23 25 
36 34 38 23 25 
36 35 38 23 25 
37 35 38 23 25 
38 35 38 23 25 
38 36 38 23 25 
38 36 38 24 25 
38 37 38 24 25 
39 37 38 24 25 
39 37 39 24 25 
39 37 39 25 25 
40 37 39 25 25 
40 37 40 25 25 
40 37 40 26 25 
41 37 40 26 25 
42 37 40 26 25 
42 37 41 26 25 
42 38 41 26 25 
42 38 41 27 25 
42 39 41 27 25 
42 39 41 27 26 
42 40 41 27 26 
43 40 41 27 26 
43 41 41 27 26 
43 42 41 27 26 
43 42 41 27 27 
43 42 41 27 28 
43 42 41 27 29 
43 43 41 27 29 
44 43 41 27 29 
44 43 41 28 29 
45 43 41 28 29 
45 43 42 28 29 
46 43 42 28 29 
46 43 43 28 29 
46 43 44 28 29 
46 43 44 28 30 
46 43 45 28 30 
47 43 45 28 30 
47 43 46 28 30 
47 43 46 29 30 
47 43 47 29 30 
47 43 48 29 30 
47 43 48 29 31 
47 43 49 29 31 
47 43 49 30 31 
47 43 49 30 32 
48 43 49 30 32 
48 44 49 30 32 
48 45 49 30 32 
48 45 49 31 32 
48 46 49 31 32 
49 46 49 31 32 
49 46 49 31 33 
49 46 50 31 33 
49 46 50 31 34 
49 46 51 31 34 
49 47 51 31 34 
49 47 51 32 34 
49 48 51 32 34 
49 48 51 32 35 
50 48 51 32 35 
50 48 52 32 35 
50 49 52 32 35 
50 49 53 32 35 
50 49 53 33 35 
50 49 53 34 35 
51 49 53 34 35 
52 49 53 34 35 
52 49 53 35 35 
53 49 53 35 35 
53 49 54 35 35 
53 49 54 35 36 
53 50 54 35 36 
53 50 55 35 36 
53 50 55 35 37 
53 50 55 35 38 
54 50 55 35 38 
54 51 55 35 38 
54 51 56 35 38 
54 51 56 36 38 
54 52 56 36 38 
54 52 56 36 39 
54 52 56 37 39 
54 52 56 37 40 
54 52 56 37 41 
54 52 57 37 41 
55 52 57 37 41 
55 52 58 37 41 
56 52 58 37 41 
56 52 58 37 42 
56 52 59 37 42 
56 53 59 37 42 
56 54 59 37 42 
56 54 60 37 42 
56 54 60 37 43 
56 54 61 37 43 
56 54 62 37 43 
56 54 63 37 43 
56 55 63 37 43 
56 55 63 37 44 
56 55 64 37 44 
56 56 64 37 44 
56 56 65 37 44 
57 56 65 37 44 
57 57 65 37 44 
57 58 65 37 44 
57 58 66 37 44 
57 58 67 37 44 
57 58 67 38 44 
57 58 68 38 44 
57 58 68 39 44 
57 58 69 39 44 
57 58 69 39 45 
57 58 70 39 45 
58 58 70 39 45 
58 59 70 39 45 
59 59 70 39 45 
59 59 70 39 46 
59 60 70 39 46 
59 60 71 39 46 
59 60 71 40 46 
59 60 71 41 46 
59 60 71 41 47 
59 60 72 41 47 
60 60 72 41 47 
61 60 72 41 47 
61 60 72 42 47 
61 61 72 42 47 
61 61 72 42 48 
61 61 72 43 48 
62 61 72 43 48 
62 62 72 43 48 
62 62 72 44 48 
62 63 72 44 48 
62 63 72 45 48 
62 63 72 45 49 
62 63 73 45 49 
63 63 73 45 49 
63 63 74 45 49 
63 64 74 45 49 
63 64 74 45 50 
63 64 75 45 50 
64 64 75 45 50 
65 64 75 45 50 
65 65 75 45 50 
65 65 76 45 50 
65 65 76 45 51 
65 65 76 46 51 
65 65 77 46 51 
65 65 77 47 51 
65 66 77 47 51 
66 66 77 47 51 
66 66 77 48 51 
66 66 78 48 51 
66 67 78 48 51 
66 68 78 48 51 
67 68 78 48 51 
67 68 78 48 52 
67 68 78 48 53 
67 68 78 49 53 
67 68 78 49 54 
67 68 78 49 55 
68 68 78 49 55 
68 68 78 49 56 
69 68 78 49 56 
69 68 78 50 56 
69 69 78 50 56 
70 69 78 50 56 
70 69 79 50 56 
70 69 80 50 56 
70 70 80 50 56 
70 70 81 50 56 
71 70 81 50 56 
71 70 81 51 56 
71 71 81 51 56 
71 71 82 51 56 
71 71 82 51 57 
71 71 82 52 57 
71 71 83 52 57 
71 72 83 52 57 
71 72 83 53 57 
71 73 83 53 57 
72 73 83 53 57 
72 73 84 53 57 
73 73 84 53 57 
73 74 84 53 57 
74 74 84 53 57 
74 75 84 53 57 
74 75 85 53 57 
74 75 85 54 57 
74 76 85 54 57 
74 77 85 54 57 
74 77 86 54 57 
74 77 87 54 57 
74 77 87 55 57 
74 77 87 56 57 