Top Jungle Mid Bot/Support Bot/Carry
1 0 0 0 0 
1 0 1 0 0 
1 1 1 0 0 
1 1 1 1 0 
1 2 1 1 0 
2 2 1 1 0 
2 3 1 1 0 
3 3 1 1 0 
3 4 1 1 0 
4 4 1 1 0 
4 5 1 1 0 
4 5 1 2 0 
4 5 1 3 0 
5 5 1 3 0 
5 5 2 3 0 
5 5 3 3 0 
6 5 3 3 0 
6 5 4 3 0 
7 5 4 3 0 
7 6 4 3 0 
7 6 5 3 0 
7 6 5 3 1 
7 7 5 3 1 
7 7 5 4 1 
7 8 5 4 1 
7 9 5 4 1 
7 10 5 4 1 
7 10 5 4 2 
7 10 6 4 2 
7 10 6 5 2 
7 10 7 5 2 
8 10 7 5 2 
8 10 8 5 2 
9 10 8 5 2 
9 10 8 6 2 
9 10 9 6 2 
9 11 9 6 2 
9 11 9 6 3 
9 11 9 7 3 
9 12 9 7 3 
10 12 9 7 3 
10 12 10 7 3 
11 12 10 7 3 
11 13 10 7 3 
11 13 11 7 3 
11 13 11 7 4 
11 14 11 7 4 
11 14 12 7 4 
11 14 12 7 5 
12 14 12 7 5 
12 15 12 7 5 
12 15 13 7 5 
12 16 13 7 5 
12 16 14 7 5 
13 16 14 7 5 
13 16 15 7 5 
13 17 15 7 5 
13 18 15 7 5 
13 19 15 7 5 
13 19 15 7 6 
13 19 15 8 6 
13 19 16 8 6 
13 19 16 8 7 
14 19 16 8 7 
14 19 17 8 7 
14 20 17 8 7 
14 21 17 8 7 
14 21 17 8 8 
14 21 17 8 9 
14 21 17 8 10 
14 22 17 8 10 
14 23 17 8 10 
14 24 17 8 10 
14 25 17 8 10 
14 26 17 8 10 
14 26 18 8 10 
14 26 19 8 10 
14 26 19 9 10 
14 27 19 9 10 
14 28 19 9 10 
14 28 19 9 11 
14 28 19 10 11 
15 28 19 10 11 
15 29 19 10 11 
15 29 20 10 11 
15 29 20 11 11 
15 29 20 11 12 
15 30 20 11 12 
15 30 20 11 13 
15 31 20 11 13 
15 32 20 11 13 
15 32 21 11 13 
16 32 21 11 13 
16 33 21 11 13 
16 33 21 12 13 
16 33 22 12 13 
16 34 22 12 13 
16 34 22 13 13 
16 34 23 13 13 
16 34 23 13 14 
16 34 23 13 15 
16 34 23 14 15 
16 35 23 14 15 
16 36 23 14 15 
17 36 23 14 15 
17 36 23 15 15 
17 37 23 15 15 
17 37 24 15 15 
17 37 25 15 15 
17 37 26 15 15 
17 38 26 15 15 
17 38 26 15 16 
17 39 26 15 16 
17 39 27 15 16 
17 40 27 15 16 
17 41 27 15 16 
17 42 27 15 16 
17 42 28 15 16 
17 42 29 15 16 
17 43 29 15 16 
17 44 29 15 16 
17 44 30 15 16 
17 44 31 15 16 
17 44 31 15 17 
17 44 31 15 18 
17 44 32 15 18 
17 44 32 15 19 
17 44 32 16 19 
17 45 32 16 19 
17 45 33 16 19 
17 46 33 16 19 
17 46 34 16 19 
17 46 35 16 19 
17 47 35 16 19 
18 47 35 16 19 
18 47 36 16 19 
18 48 36 16 19 
18 48 37 16 19 
18 48 38 16 19 
18 48 38 16 20 
18 49 38 16 20 
18 49 38 16 21 
19 49 38 16 21 
19 49 39 16 21 
19 49 39 16 22 
19 49 39 16 23 
19 49 39 17 23 
19 49 40 17 23 
19 50 40 17 23 
19 50 41 17 23 
19 50 42 17 23 
19 50 43 17 23 
19 51 43 17 23 
19 51 44 17 23 
19 51 44 17 24 
19 51 45 17 24 
19 51 45 18 24 
19 52 45 18 24 
19 52 45 18 25 
19 52 45 19 25 
19 52 45 20 25 
19 52 46 20 25 
19 52 46 21 25 
20 52 46 21 25 
20 52 47 21 25 
21 52 47 21 25 
21 53 47 21 25 
21 53 48 21 25 
21 53 48 22 25 
22 53 48 22 25 
22 53 49 22 25 
22 53 49 22 26 
22 53 49 23 26 
22 54 49 23 26 
23 54 49 23 26 
23 54 49 24 26 
23 54 50 24 26 
23 55 50 24 26 
23 55 50 25 26 
24 55 50 25 26 
24 56 50 25 26 
24 56 50 26 26 
24 56 50 27 26 
24 56 51 27 26 
25 56 51 27 26 
25 56 51 28 26 
26 56 51 28 26 
26 56 52 28 26 
27 56 52 28 26 
27 57 52 28 26 
27 57 53 28 26 
27 58 53 28 26 
27 58 53 29 26 
28 58 53 29 26 
28 58 53 29 27 
28 58 53 29 28 
29 58 53 29 28 
29 58 53 29 29 
29 58 53 30 29 
29 58 54 30 29 
29 58 54 31 29 
29 58 54 32 29 
30 58 54 32 29 
30 58 54 33 29 
30 58 54 34 29 
30 58 54 35 29 
30 59 54 35 29 
30 60 54 35 29 
30 60 54 36 29 
30 60 55 36 29 
30 60 55 37 29 
30 60 55 38 29 
31 60 55 38 29 
31 60 56 38 29 
31 60 57 38 29 
31 60 58 38 29 
31 60 58 39 29 
31 60 58 39 30 
31 60 58 39 31 
32 60 58 39 31 
32 60 59 39 31 
33 60 59 39 31 
34 60 59 39 31 
35 60 59 39 31 
35 60 59 40 31 
35 60 59 40 32 
35 61 59 40 32 
35 61 60 40 32 
35 61 61 40 32 
36 61 61 40 32 
36 62 61 40 32 
36 62 61 40 33 
36 62 62 40 33 
36 62 63 40 33 
36 62 63 41 33 
37 62 63 41 33 
37 63 63 41 33 
37 63 64 41 33 
37 63 65 41 33 
37 64 65 41 33 
37 64 65 41 34 
37 65 65 41 34 
37 65 65 42 34 
37 65 65 43 34 
37 65 66 43 34 
37 65 66 43 35 
37 65 66 44 35 
38 65 66 44 35 
38 66 66 44 35 
39 66 66 44 35 
39 66 67 44 35 
39 66 68 44 35 
39 66 69 44 35 
39 66 69 44 36 
39 66 69 45 36 
39 66 69 45 37 
40 66 69 45 37 
40 67 69 45 37 
40 68 69 45 37 
40 68 69 46 37 
41 68 69 46 37 
41 68 70 46 37 
41 68 71 46 37 
41 68 71 46 38 
41 68 72 46 38 
42 68 72 46 38 
42 69 72 46 38 
42 69 72 46 39 
42 69 73 46 39 
42 69 74 46 39 
42 70 74 46 39 
42 70 74 47 39 
42 70 75 47 39 
42 70 76 47 39 
42 71 76 47 39 
42 71 77 47 39 
42 71 77 47 40 
42 71 77 48 40 
42 71 78 48 40 
42 71 78 48 41 
43 71 78 48 41 
43 71 78 48 42 
43 72 78 48 42 
43 73 78 48 42 
44 73 78 48 42 
44 73 78 49 42 
44 73 78 49 43 
44 74 78 49 43 
44 75 78 49 43 
44 75 78 49 44 
44 75 79 49 44 
44 75 79 49 45 